3011646	   15	0
3011660	    7	0
3011811	    9	0
3013035	    5	0
3013577	    9	1
3013664	    4	0
3013666	    5	0
3013738	    3	0
3013750	    2	0
3013769	    6	0
3013779	    2	0
3020789	    5	0
3020808	    1	1
3020808	    6	1
3027073	    2	0
3027076	   10	0
3027082	    5	0
3028261	    6	0
3028263	    4	0
3028269	    1	0
3030145	    5	0
3036438	    2	0
3038198	    9	0
3038289	   38	0
3045945	    5	0
3050627	   22	0
3050630	    1	0
3050634	   33	0
3050635	    3	0
3050662	    1	0
3050666	   23	0
3050670	    1	0
3050894	    0	0
3050899	    2	0
3050908	    3	0
3053069	   38	0
3053079	   10	0
3053090	    2	0
3054352	    6	0
3054354	    4	0
3054759	    4	0
3054761	    2	0
3054765	    2	0
3056981	    7	0
3056983	    2	0
3056992	    6	0
3080097	   11	0
3080107	    1	0
3082190	    2	0
3082193	    3	0
3082196	    4	0
3084221	   13	0
3084224	    2	0
3103868	    1	0
3103870	    2	0
3103875	    1	0
3123735	   10	0
3123737	    1	0
3123744	    6	0
3130071	    3	0
3130073	    2	0
3130078	    6	0
3148266	    1	0
3148271	   11	0
3148277	    2	0
3157970	    2	0
3202948	    5	0
3237718	   23	0
3278359	   20	0
3279262	   22	0
3283751	   44	0
3285441	    1	0
3285468	    2	0
3285481	   34	0
3285491	    7	0
3285988	    9	0
3287751	    2	0
3292508	   30	0
3292510	   20	0
3292538	   27	0
3292542	   41	0
3292605	    6	0
3292640	   13	0
3292770	   12	0
3292773	    1	0
3292781	   15	0
3292785	    6	0
3293140	    1	0
3293142	    2	0
3293145	   16	0
3293183	   12	1
3295940	   16	0
3295942	    3	0
3295949	    3	0
3299538	   38	0
3299540	    5	0
3300384	    7	0
3300386	    4	0
3300391	    7	0
3303362	    5	0
3303364	    0	0
3303371	    2	0
3305495	   45	0
3305499	    0	0
3305502	    7	0
3306922	    4	0
3306925	    1	0
3306932	    1	0
3307685	   14	0
3307689	   40	0
3307724	   10	0
3307730	   13	0
3309151	    5	0
3309156	    0	0
3309161	    1	0
3310220	    0	0
3310223	    8	0
3310230	   15	0
3311026	    2	0
3311028	    0	0
3311034	    1	0
3313366	    4	0
3313369	    5	0
3313379	   12	0
3318743	    1	0
3318745	    2	0
3318752	   15	0
3319334	    2	0
3319340	    8	0
3319344	    7	0
3327387	    6	0
3327392	   21	0
3327398	    7	0
3343370	    3	0
3343374	    6	0
3343381	   14	0
3344642	   16	0
3344646	    6	0
3344648	    5	0
3346705	   20	0
3346708	    8	0
3346711	   27	0
3355402	    2	0
3355406	    7	0
3355451	   21	0
3355453	    6	0
3355459	    8	0
3355462	    5	0
3355561	    6	0
3355563	    7	0
3357715	   12	0
3357723	   53	0
3357736	   37	0
3357736	   39	0
3357742	   24	0
3357753	   91	0
3358721	   40	0
3358725	   31	0
3358732	   26	0
3358820	   21	0
3362971	    3	0
3364782	    4	0
3364784	   14	0
3364798	    2	0
3364900	   30	0
3364905	   65	0
3364928	   46	0
3364940	    5	0
3365007	   38	0
3365010	   18	0
3365037	   16	0
3366485	   14	0
3366491	   92	0
3366498	   13	0
3373047	    5	0
3373049	   53	0
3373070	   10	0
3377376	    4	0
3377378	    4	0
3377395	   12	0
3377396	    2	0
3377459	    5	0
3377461	    7	0
3384985	    3	0
3384988	    2	0
3384992	   10	0
3387491	    5	0
3387495	   10	0
3387502	   49	0
3388036	   18	0
3388038	    8	0
3388048	    2	0
3396887	   18	0
3396890	    1	0
3398360	   10	0
3398362	    6	0
3398702	   76	0
3398704	    5	0
3398733	    1	0
3398826	   12	0
3398826	   94	0
3398831	   17	0
3405089	   30	0
3422213	   14	0
3422222	   21	0
3422230	    4	0
3428625	   39	0
3428994	    4	0
3430633	   10	0
3430637	   19	0
3434366	   10	0
3434437	    2	0
3434446	   41	0
3434539	    8	0
3434938	    8	0
3434940	    0	0
3434991	    7	0
3435004	    9	0
3439451	    4	0
3439454	   35	0
3439463	    3	0
3440617	   16	0
3440620	   16	0
3440648	   25	0
3440650	    0	0
3440657	   26	0
3446091	    5	0
3446371	    7	0
3446374	   10	0
3446380	    1	0
3447812	    6	0
3447814	   17	0
3447821	   29	0
3451947	    3	0
3451949	    8	0
3455343	    3	0
3455595	   61	0
3455601	   67	0
3455605	    4	0
3459469	   15	0
3459473	   11	0
3459476	    2	0
3459483	    5	0
3459976	    9	0
3459980	   28	0
3459990	   28	0
3463014	    6	0
3463017	    9	0
3463025	   34	0
3463136	    5	0
3463138	    1	0
3463144	   27	0
3463249	    3	0
3463254	   13	0
3465059	   13	0
3465169	   33	0
3465171	   21	0
3468146	   28	0
3468151	    6	0
3468154	    3	0
3476661	    6	0
3476681	   17	0
3476742	    6	0
3481295	   31	0
3481299	   21	0
3481309	   23	0
3481328	   28	0
3481331	    2	0
3481340	   13	0
3486147	   16	0
3486150	    2	0
3486155	    8	0
3487439	   24	0
3487441	    1	0
3487453	   27	0
3487870	   25	0
3487874	    3	0
3488289	   16	0
3488291	    8	0
3494034	    5	0
3494042	    1	0
3494045	    0	0
3494053	   26	0
3494110	   19	0
3498474	    5	0
3498495	    0	0
3498575	    7	0
3498578	    4	0
3498582	   18	0
3508539	   25	0
3508543	    7	0
3508567	    2	0
3511551	    3	0
3511553	   15	0
3511561	    1	0
3515050	   43	0
3515054	   18	0
3515064	   10	0
3515067	    6	0
3515213	    3	0
3515215	   15	0
3515339	   35	0
3515341	   11	0
3515522	    7	0
3515525	    5	0
3517247	    3	0
3517254	    5	0
3517279	   16	0
3518529	   15	0
3518531	    1	0
3518533	   13	0
3518685	    7	0
3518687	    4	0
3518693	    8	0
3519663	   12	0
3519666	    6	0
3523521	   15	0
3523523	    8	0
3525748	   17	0
3525814	    4	0
3525816	    9	0
3526122	   10	0
3526124	    9	0
3526127	   33	0
3527369	   63	0
3527371	   13	0
3531800	   12	0
3531972	   15	0
3536460	    7	0
3536464	   16	0
3536470	    0	0
3539781	   13	0
3539783	   15	0
3539796	    2	0
3540337	   12	0
3540339	   24	0
3540347	   10	0
3542560	    4	0
3542566	   42	0
3542582	   29	0
3542591	   20	0
3546105	    6	0
3556505	    1	0
3556508	   23	0
3556516	   10	0
3556522	  142	0
3558836	    3	0
3558840	   12	0
3558847	    2	0
3563722	   26	0
3563726	   16	0
3563968	   10	0
3563971	    3	0
3563974	    2	0
3564343	    6	0
3564346	   15	0
3564363	    1	0
3567249	    9	0
3567253	   25	0
3568960	   12	0
3568963	    3	0
3569075	   19	0
3569747	  113	0
3574667	   12	0
3574671	   29	0
3574897	   20	0
3574900	   69	0
3574904	    6	0
3575237	    8	0
3575595	    3	0
3575672	   11	0
3577464	   61	0
3581641	    6	0
3581643	   11	0
3581648	    2	0
3584449	    8	0
3584454	   57	0
3585440	   84	0
3585460	   54	0
3585463	    6	0
3585470	   20	0
3593431	   33	0
3597365	    3	0
3597367	    6	0
3597370	    2	0
3597952	   16	0
3597955	    0	0
3597963	   22	0
3600583	    2	0
3600586	   17	0
3600589	   45	0
3603390	    7	0
3603392	   10	0
3603401	   23	0
3604855	   20	0
3605171	   15	0
3605364	   10	0
3605366	   11	0
3605380	    3	0
3605393	    1	0
3605407	    1	0
3606709	   71	0
3606713	    9	0
3606713	   22	0
3606717	   22	0
3609395	    7	0
3609398	   17	0
3609460	   11	0
3609463	   28	0
3609483	    8	0
3609486	    9	0
3609490	   14	0
3609535	   29	0
3609790	    4	0
3611609	    6	0
3611613	   18	0
3611617	   12	0
3615292	   74	0
3615296	   15	0
3615304	   28	0
3616279	   62	0
3616288	    9	0
3616523	    3	0
3616528	   14	0
3616532	   16	0
3618554	   85	0
3618558	    2	0
3618567	    5	0
3620365	   21	0
3620368	    5	0
3621684	   37	0
3621687	   17	0
3621692	    9	0
3623437	   32	0
3623494	    7	0
3623560	   46	0
3625308	    1	0
3625314	   32	0
3625325	    0	0
3625329	    8	0
3631621	    9	0
3631626	    5	0
3631632	    3	0
3632045	   11	0
3632134	   17	0
3632147	   43	0
3632149	    4	0
3632157	   10	0
3638696	   39	0
3638698	   20	0
3638705	   26	0
3639030	   44	0
3639032	   11	0
3639038	    8	0
3639562	    3	0
3639564	    2	0
3639577	    3	0
3639636	   10	0
3639644	    0	0
3639651	    6	0
3642369	   41	0
3642407	   27	0
3642415	   10	0
3643493	    4	0
3643496	    6	0
3643519	    9	0
3644277	   32	0
3644280	    0	0
3644286	   28	0
3644373	   40	0
3644375	    4	0
3644382	    9	0
3646249	   20	0
3646253	   26	0
3646261	    7	0
3646696	    9	0
3646705	    8	0
3646726	   52	0
3647999	   12	0
3648002	   25	0
3649534	    7	0
3649537	    4	0
3649553	   21	0
3653962	   15	0
3653969	   14	0
3653976	    7	0
3654203	    3	0
3654206	    1	0
3654214	   18	0
3658292	    5	0
3659919	   21	0
3659921	    1	0
3660973	    6	0
3660975	    9	0
3660983	    0	0
3661215	   20	0
3661218	   20	0
3661222	   25	0
3668041	    9	0
3668043	    4	0
3668052	   43	0
3670962	   32	0
3670966	    9	0
3670978	   56	0
3671199	   14	0
3671219	   91	0
3671760	   12	0
3671762	   38	0
3671770	    7	0
3672956	   40	0
3672958	   23	0
3672968	   16	0
3673389	   25	0
3677255	    9	0
3677257	   84	0
3677262	   19	0
3679074	    3	0
3679076	    0	0
3679081	   26	0
3679096	    7	0
3680396	   49	0
3680398	   20	0
3680400	   66	0
3680403	    1	0
3680416	   10	0
3680416	   18	0
3681481	    6	0
3681570	    8	0
3681582	    5	0
3686681	   18	0
3686684	    8	0
3686691	   25	0
3687511	   11	0
3687514	    7	0
3696364	    5	0
3696367	   10	0
3696375	   10	0
3697602	   15	0
3697608	   49	0
3697612	   12	0
3700113	    2	0
3700123	    7	0
3700138	    4	0
3700785	    5	0
3700791	   33	0
3702048	   15	0
3702048	   49	0
3702051	   25	0
3702051	   26	0
3702057	    6	0
3703114	   11	0
3703114	   23	0
3703116	    0	0
3703121	    1	0
3703439	   19	0
3703443	    4	0
3703603	   41	0
3703609	   17	0
3703616	  110	0
3706024	   35	0
3706026	    6	0
3706041	    9	0
3706383	    8	0
3706386	    7	0
3706389	   36	0
3707171	   55	0
3707174	    7	0
3707182	   13	0
3714384	    3	0
3714437	    4	0
3714440	   17	0
3714444	    4	0
3718968	    8	0
3719774	   18	0
3720744	    3	0
3723242	   16	0
3723246	   48	0
3723250	   17	0
3724101	    1	0
3724103	    6	0
3724107	    5	0
3724140	    5	0
3724142	   17	0
3724151	   23	0
3725068	    4	0
3725072	   30	0
3725074	    1	0
3725082	   19	0
3725090	    3	0
3727582	   14	0
3727585	   29	0
3727588	   13	0
3728694	   21	0
3728698	   10	0
3728706	   13	0
3728828	   26	0
3728908	   39	0
3729323	   44	0
3729326	    4	0
3729332	   48	0
3730223	   13	0
3730226	    6	0
3730232	   27	0
3730883	   14	0
3730885	    2	0
3731115	   27	0
3731129	    2	0
3731145	   38	0
3731301	   24	0
3731306	   38	0
3731329	    2	0
3731748	    9	0
3731750	    3	0
3731756	   15	0
3732002	    9	0
3732004	    6	0
3732026	   14	0
3732414	   45	0
3732417	   18	0
3732429	    3	0
3732436	    5	0
3732986	   26	0
3732993	   44	0
3733047	   16	0
3733618	   28	0
3733620	   12	0
3733626	   55	0
3733992	   41	0
3733994	   19	0
3733995	    7	0
3733998	   24	0
3738430	    5	0
3738436	   11	0
3738440	   23	0
3739005	   11	0
3739016	   39	0
3739022	   32	0
3739026	    7	0
3739801	   47	0
3739808	   35	0
3739817	   23	0
3739825	   18	0
3741704	   21	0
3741707	   11	0
3741709	    4	0
3741718	   30	0
3749550	   10	0
3749553	   15	0
3749616	   41	0
3749618	   28	0
3749638	   17	0
3754846	   47	0
3754851	   73	0
3754854	   28	0
3755127	   52	0
3755128	   36	0
3757823	   20	0
3757833	    4	0
3757838	    6	0
3757865	   54	0
3757870	   28	0
3757881	   18	0
3758988	   17	0
3758990	   39	0
3758993	   40	0
3759118	   70	0
3759861	   34	0
3759863	    8	0
3760421	   41	0
3764111	   26	0
3764113	   31	0
3764118	   20	0
3764179	   16	0
3764198	   19	0
3764236	   21	0
3764787	   39	0
3764789	    7	0
3764804	   26	0
3768193	   68	0
3768193	   87	0
3768196	    2	0
3768234	   42	0
3769885	    3	0
3770989	    2	0
3770992	    9	0
3770998	   54	0
3771200	   20	0
3771203	   25	0
3771213	   48	0
3771217	   21	0
3771220	   34	0
3771225	   11	0
3771378	   31	0
3771380	   36	0
3771385	    9	0
3772326	   13	0
3772328	   36	0
3772332	   44	0
3772382	   23	0
3772384	   83	0
3772394	   23	0
3773411	   39	0
3773413	   13	0
3774187	   12	0
3774190	    7	0
3774195	    6	0
3774884	   15	0
3775980	   10	0
3778043	   14	0
3778045	   16	0
3778050	   16	0
3780458	   13	0
3780460	   13	0
3780479	   35	0
3780483	   37	0
3781285	   36	0
3781287	   23	0
3781292	   51	0
3782893	   32	0
3783170	   34	0
3783174	    7	0
3783182	    5	0
3783897	   40	0
3783900	    9	0
3783904	   46	0
3783931	    5	0
3783943	   29	0
3786043	    8	0
3786045	   19	0
3786049	   60	0
3786373	    6	0
3786447	   15	0
3786497	   27	0
3787101	   11	0
3787872	   53	0
3787874	    8	0
3787878	   10	0
3788348	    8	0
3788772	   35	0
3788774	   14	0
3788777	   21	0
3788922	   35	0
3788935	   20	0
3788989	   80	0
3789478	   38	0
3789480	   43	0
3789492	    3	0
3790155	    4	0
3790160	   27	0
3790164	   27	0
3790212	   12	0
3790215	    4	0
3790221	   11	0
3790729	   59	0
3790731	   11	0
3790736	   57	0
3791693	   25	0
3791697	   25	0
3791700	   19	0
3792868	   26	0
3793017	   11	0
3793019	   66	0
3793380	   30	0
3793382	   96	0
3793394	   14	0
3793490	   43	0
3793495	    8	0
3793564	   33	0
3793634	   24	0
3793636	   70	0
3793644	   88	0
3794152	   37	0
3795182	   19	0
3795187	   15	0
3795189	   16	0
3795200	   16	0
3795476	   30	0
3795483	    9	0
3795487	   20	0
3796103	    9	0
3796107	   14	0
3796113	    3	0
3796454	   58	0
3797608	   29	0
3797715	    3	0
3797724	   22	0
3797743	   16	0
3798136	    3	0
3798139	    4	0
3798234	  107	0
3798234	  108	0
3798404	   28	0
3798407	    7	0
3799067	    7	0
3799070	    5	0
3799078	   45	0
3799581	    0	0
3799749	   45	0
3799752	   53	0
3799757	   72	0
3799757	   79	0
3799760	   19	0
3799769	   25	0
3799772	   50	0
3800306	    9	0
3800310	   13	0
3800312	    8	0
3800319	   15	0
3800329	   10	0
3800675	   50	0
3800678	   27	0
3800678	   49	0
3800728	    8	0
3802231	    3	0
3803679	   29	0
3803680	   13	0
3803684	    1	0
3803717	   25	0
3803721	   11	0
3803738	   27	0
3803949	    1	0
3804023	   12	0
3804644	    7	0
3804669	   47	0
3804679	  110	0
3806398	   19	0
3806453	   19	0
3806456	   36	0
3806463	   15	0
3806908	   13	0
3806925	   20	0
3806932	   45	0
3807490	    9	0
3807492	   22	0
3807498	   24	0
3808519	   27	0
3808521	    7	0
3808524	   44	0
3808900	   27	0
3811457	   22	0
3811462	    4	0
3811466	   11	0
3811907	   32	0
3812269	    8	0
3812272	   26	0
3812275	    6	0
3813771	   33	0
3813775	   82	0
3813779	   42	0
3813792	   51	0
3814094	   18	0
3814097	   20	0
3814101	   13	0
3815752	   27	0
3815754	   25	0
3815760	   25	0
3816160	   16	0
3816166	    3	0
3818144	   30	0
3819045	   42	0
3819056	   40	0
3819061	   17	0
3819949	   72	0
3819959	   49	0
3819970	   11	0
3821234	    3	0
3821237	   21	0
3822449	   23	0
3823387	   62	0
3824840	   24	0
3825549	   30	0
3825552	    9	0
3826099	   13	0
3826116	   13	0
3826132	   51	0
3829376	    7	0
3829378	   16	0
3829379	    8	0
3831046	    3	0
3831048	   12	0
3831526	   10	0
3831594	   16	0
3831624	   12	0
3831966	   33	0
3831973	   17	0
3831991	   15	0
3833928	    8	0
3833930	   16	0
3833954	   44	0
3833961	   25	0
3834040	    2	0
3834043	   20	0
3834049	    5	0
3834230	    9	0
3834669	   39	0
3834671	    4	0
3834675	    7	0
3835113	   16	0
3835116	    8	0
3835125	   55	0
3837616	    7	0
3840738	   39	0
3840742	    7	0
3840748	   40	0
3841999	   16	0
3842002	   48	0
3842011	    4	0
3843756	   35	0
3843758	    7	0
3843770	   19	0
3843775	   24	0
3845120	   16	0
3845126	   57	0
3845129	   21	0
3845131	    2	0
3845307	   42	0
3845310	   28	0
3845321	   39	0
3850126	    9	0
3850129	   15	0
3850139	   91	0
3850168	   28	0
3851503	   29	0
3851506	   23	0
3851523	   10	0
3851543	   25	0
3851552	   48	0
3852756	   47	0
3852838	   49	0
3852843	   32	0
3852905	   36	0
3852922	   68	0
3852990	   10	0
3852994	    8	0
3852997	   59	0
3853249	    2	0
3853918	   43	0
3853920	   26	0
3853936	    5	0
3856593	   13	0
3856595	   20	0
3856599	   15	0
3857136	   35	0
3857138	   16	0
3857144	   36	0
3857413	    2	0
3857416	   11	0
3857422	   51	0
3858053	   29	0
3858055	    4	0
3858058	   27	0
3860098	   56	0
3861028	   98	0
3861185	   42	0
3861791	   35	0
3861873	   55	0
3861878	   15	0
3862509	   47	0
3862511	   44	0
3862538	    9	0
3862573	   12	0
3862575	   36	0
3862581	   15	0
3863137	   98	0
3863177	   29	0
3863184	   57	0
3863201	   23	0
3864483	   50	0
3864496	  118	0
3864501	   51	0
3865401	   28	0
3865602	   24	0
3865604	    9	0
3865611	   24	0
3866033	   23	0
3866036	    9	0
3866039	   32	0
3866182	    0	0
3866185	    9	0
3866193	   67	0
3866239	   24	0
3866241	    2	0
3866247	   36	0
3866771	   13	0
3866773	   41	0
3867031	   54	0
3867031	   55	0
3868879	    9	0
3868882	   25	0
3868885	   43	0
3869646	   26	0
3870484	  113	0
3870487	    9	0
3870491	   23	0
3870584	   18	0
3870586	   31	0
3870613	  163	0
3871932	   12	0
3871939	   31	0
3871957	   21	0
3874017	   57	0
3874021	   39	0
3876645	   26	0
3878509	    8	0
3878763	   32	0
3878784	   44	0
3880001	   71	0
3880399	   31	0
3880400	    3	0
3880689	   40	0
3880693	   34	0
3880750	    7	0
3882445	   15	0
3882798	   20	0
3882801	    7	0
3882928	   36	0
3882935	   90	0
3882938	   20	0
3882955	   72	0
3883503	   44	0
3883505	   68	0
3883509	   26	0
3883944	   14	0
3883970	   34	0
3883995	   18	0
3884024	   26	0
3884196	    8	0
3884201	   66	0
3884210	   24	0
3884977	   89	0
3885045	   36	0
3886797	   25	0
3886919	  106	0
3886927	   12	0
3888771	  108	0
3888773	   40	0
3888781	   20	0
3888945	   20	0
3888947	   29	0
3888954	   22	0
3889989	   36	0
3889991	    8	0
3889998	   58	0
3890446	   16	0
3890448	   15	0
3890451	   27	0
3890746	   69	0
3890749	   31	0
3890758	    3	0
3891469	   35	0
3891472	   45	0
3891483	   35	0
3892030	    2	0
3893735	    6	0
3893739	    7	0
3893742	   20	0
3894250	   40	0
3894252	   17	0
3894258	   16	0
3895188	   41	0
3895190	   28	0
3895194	   19	0
3896056	   29	0
3896061	   35	0
3896069	    4	0
3896335	   73	0
3896335	  118	0
3896442	    7	0
3896445	   25	0
3896455	   18	0
3897092	   13	0
3897114	   33	0
3897118	   24	0
3897120	   18	0
3897122	   24	0
3897143	   12	0
3900391	   13	0
3900396	   52	0
3902019	   42	0
3902021	   38	0
3902249	   42	0
3902259	   50	0
3902266	   28	0
3902271	   76	0
3902275	   70	0
3902280	   72	0
3903101	   44	0
3903239	   84	0
3903246	    3	0
3903417	   34	0
3903420	   78	0
3903799	   19	0
3903868	   76	0
3904546	   39	0
3904589	   14	0
3904613	   16	0
3904797	  141	0
3904952	   31	0
3904968	   57	0
3905291	   24	0
3905313	   26	0
3905681	   95	0
3905988	  141	0
3906048	  130	0
3906049	    2	0
3906052	    6	0
3906054	    6	0
3906576	   38	0
3906666	   15	0
3906671	    8	0
3908159	   37	0
3908159	   39	0
3908159	   40	0
3908815	   17	0
3908919	   65	0
3908985	   23	0
3909105	    1	0
3909377	   17	0
3909587	   38	0
3909591	    9	0
3910021	   53	0
3910023	   32	0
3910042	    5	0
3910603	   13	0
3910636	  106	0
3910646	   25	0
3910667	   26	0
3911693	   11	0
3911696	   46	0
3911702	    8	0
3911785	   15	0
3911787	   10	0
3911795	    8	0
3912521	   35	0
3912536	    3	0
3913292	   44	0
3913299	   28	0
3913302	   54	0
3913346	  115	0
3913349	   59	0
3913357	   60	0
3913807	   33	0
3913814	   13	0
3913821	    9	0
3914000	   24	0
3914676	   70	0
3914682	   32	0
3915567	    3	0
3915665	   33	0
3915677	   53	0
3915777	   10	0
3916845	   75	0
3916848	   86	0
3916874	   16	0
3916888	   48	0
3917179	   85	0
3918051	    9	0
3918054	   23	0
3918060	   54	0
3918360	   16	0
3918402	   90	0
3918409	   35	0
3918445	   23	0
3918459	    8	0
3918621	   11	0
3918624	   19	0
3918633	    4	0
3919030	   47	0
3919089	   23	0
3919098	   40	0
3919473	    8	0
3919475	   16	0
3919537	   31	0
3919945	   32	0
3920642	   13	0
3920716	    9	0
3920721	   67	0
3920977	   37	0
3921054	   24	0
3921058	    9	0
3921061	   20	0
3921732	   18	0
3921741	   96	0
3922859	    6	0
3922889	   40	0
3923034	   27	0
3923066	    2	0
3923077	   46	0
3923913	   52	0
3923915	   45	0
3923915	   49	0
3923948	   26	0
3924922	   16	0
3924925	   16	0
3924928	   26	0
3925596	    5	0
3926709	   30	0
3926718	   23	0
3926739	   28	0
3926781	   27	0
3927594	   10	0
3927697	   50	0
3927796	   51	0
3927798	   25	0
3929093	   10	0
3929095	    4	0
3929102	   14	0
3930375	    5	0
3930397	   13	0
3930472	   14	0
3930472	   27	0
3931174	   16	0
3931176	    3	0
3931179	   27	0
3931462	    9	0
3931478	   27	0
3931894	   75	0
3932544	    3	0
3932549	   15	0
3932555	   16	0
3932834	   21	0
3933647	   76	0
3933674	   22	0
3934159	  125	0
3934400	   39	0
3934681	   32	0
3934683	   61	0
3934687	   23	0
3935553	    2	0
3936771	    2	0
3936773	    9	0
3936781	  113	0
3936785	   25	0
3937558	    5	0
3937577	   15	0
3937577	   19	0
3937586	   91	0
3939532	   28	0
3939534	   45	0
3939536	   37	0
3939672	   18	0
3940409	  115	0
3940412	   26	0
3940418	   17	0
3941436	    3	0
3941439	    2	0
3941451	   11	0
3941484	   23	0
3941492	   20	0
3941684	   24	0
3942399	   28	0
3942624	   34	0
3942825	   29	0
3944408	   48	0
3944942	   16	0
3944946	    8	0
3944949	   45	0
3946409	   16	0
3946411	    5	0
3946413	   14	0
3947855	   50	0
3947858	   28	0
3947861	   14	0
3948879	   26	0
3948881	   37	0
3948892	   21	0
3951008	    5	0
3951014	    8	0
3951026	   11	0
3951029	   46	0
3951032	   69	0
3951042	  141	0
3952113	    7	0
3954944	    1	0
3957364	   32	0
3957370	   57	0
3957386	   38	0
3958053	   18	0
3958964	   40	0
3960405	    3	0
3961505	   67	0
3961509	   44	0
3963227	   59	0
3963232	   22	0
3963246	  112	0
3964229	   11	0
3964236	   11	0
3964247	  122	0
3964266	   43	0
3964297	   26	0
3964299	    8	0
3964302	  111	0
3964407	   42	0
3964414	   32	0
3964422	   38	0
3965009	   12	0
3965012	   12	0
3966486	  151	0
3967745	   41	0
3967749	   91	0
3967757	   52	0
3967759	   30	0
3967762	   40	0
3967764	   39	0
3967764	  107	0
3967766	   37	0
3968807	   55	0
3968838	   21	0
3968841	   23	0
3969977	    6	0
3970035	   45	0
3970639	   55	0
3973476	   71	0
3973488	   78	0
3973924	   54	0
3973927	   62	0
3973968	   24	0
3974278	   80	0
3974280	    7	0
3974284	   23	0
3975145	   37	0
3975153	    3	0
3975160	   42	0
3975774	   37	0
3975777	   29	0
3975781	   59	0
3977161	   73	0
3977163	   31	0
3977172	   65	0
3977669	   50	0
3977711	  108	0
3979392	   25	0
3979644	   19	0
3979657	   23	0
3981183	   17	0
3985358	    6	0
3986302	   71	0
3986302	   81	0
3986308	   64	0
3986308	   89	0
3986314	   25	0
3986318	   74	0
3990480	   41	0
3990482	    8	0
3990488	   25	0
3990493	    8	0
3991554	   11	0
3991589	   30	0
3992393	   88	0
3994402	   98	0
3994404	   90	0
3994406	   71	0
3998498	   75	0
3998500	   14	0
3998513	  115	0
4002974	   48	0
4002976	   70	0
4002981	   58	0
4003500	    9	0
4003503	   56	0
4003514	   76	0
4003524	    2	0
4003710	   58	0
4003711	   34	0
4003712	   66	0
4003713	   50	0
4003723	   56	0
4003748	   11	0
4003751	   63	0
4003839	    3	0
4003844	    8	0
4003860	    4	0
4004343	   14	0
4004345	   20	0
4004352	   66	0
4005079	   30	0
4005082	   25	0
4005085	   63	0
4005164	   77	0
4005174	   63	0
4005180	   25	0
4005665	   21	0
4006206	    2	0
4006208	    3	0
4006211	   33	0
4007536	    2	0
4007538	    8	0
4007544	   20	0
4009468	   53	0
4009471	   16	0
4009484	   22	0
4011889	    7	0
4012493	   75	0
4012495	   50	0
4012501	   12	0
4012988	   14	0
4012991	   57	0
4013006	   88	0
4013194	   41	0
4013196	    5	0
4013199	   35	0
4013213	   94	0
4013216	   82	0
4013226	   31	0
4013636	   27	0
4013643	   64	0
4013651	   66	0
4013963	   81	0
4013967	   28	0
4013969	   47	0
4014478	   66	0
4014481	   57	0
4014482	   18	0
4016086	   35	0
4016464	   48	0
4016834	   35	0
4016838	   70	0
4016843	   86	0
4018076	    5	0
4018078	   46	0
4018082	   52	0
4019356	   20	0
4019358	   48	0
4019365	   35	0
4020581	    7	0
4020915	   70	0
4020917	   35	0
4020919	   28	0
4023182	   10	0
4023568	   43	0
4025450	    0	0
4025452	    0	0
4025456	   17	0
4025779	   24	0
4026323	   47	0
4026326	   14	0
4026328	   28	0
4028349	   12	0
4028437	    2	0
4028464	   12	0
4029546	   74	0
4029548	   33	0
4029559	   61	0
4031998	   36	0
4032022	    4	0
4033813	    6	0
4033815	    9	0
4033823	   29	0
4036014	   26	0
4036107	   88	0
4037526	    2	0
4037529	   30	0
4037566	    2	0
4037928	   97	0
4037930	   31	0
4037936	   13	0
4039927	   49	0
4039929	    9	0
4039933	    3	0
4040221	    6	0
4040223	    6	0
4042027	   35	0
4042047	    3	0
4044103	   66	0
4044108	   10	0
4044115	   23	0
4045095	   31	0
4045439	   19	0
4045444	   37	0
4046132	   40	0
4046134	   10	0
4046138	  111	0
4047960	   28	0
4047962	    5	0
4047987	   54	0
4048940	   15	0
4048943	    5	0
4048959	   32	0
4049159	   32	0
4049337	   17	0
4052441	   17	0
4052914	   22	0
4052916	   13	0
4052923	   17	0
4053055	    4	0
4053058	    6	0
4062427	    1	0
4062933	   12	0
4063182	    6	0
4063198	    4	0
4063227	   70	0
4064671	   89	0
4064673	   10	0
4064681	   36	0
4065238	   28	0
4065240	   49	0
4065245	  127	0
4065303	   29	0
4065814	   48	0
4066055	   25	0
4066822	    7	0
4066824	   42	0
4066827	   37	0
4066831	    2	0
4066833	   45	0
4066850	   10	0
4068853	    3	0
4068855	   44	0
4068861	   19	0
4071179	   20	0
4071184	   27	0
4071214	   50	0
4071217	   13	0
4071220	   22	0
4076117	   28	0
4076123	    6	0
4076125	   11	0
4076133	   58	0
4076152	   30	0
4076154	   26	0
4076161	    6	0
4077865	   29	0
4077957	    1	0
4077959	   11	0
4078056	   42	0
4078060	   16	0
4080321	   62	0
4080323	   30	0
4080327	   64	0
4080330	   59	0
4081198	    7	0
4081200	   28	0
4081211	   50	0
4081590	   27	0
4081594	   30	0
4082416	    6	0
4082418	    6	0
4082442	    9	0
4086251	   12	0
4086254	    8	0
4086265	   23	0
4086305	   35	0
4086307	   11	0
4086315	    4	0
4091854	   51	0
4091857	    4	0
4091864	   18	0
4099420	   27	0
4099422	   10	0
4099428	   15	0
4100811	   10	0
4102347	   57	0
4103346	   32	0
4103349	   39	0
4107235	   17	0
4107237	    8	0
4107243	   16	0
4108669	   11	0
4108671	   27	0
4108677	   42	0
4111235	   15	0
4114416	   26	0
4114585	   77	0
4116299	   39	0
4116301	   15	0
4117041	   73	0
4119577	   74	0
4119580	   31	0
4119666	    7	0
4121058	   39	0
4121125	   48	0
4121128	   75	0
4123301	   20	0
4123303	  126	0
4123309	   19	0
4123855	    6	0
4123936	   39	0
4127090	   71	0
4127092	  160	0
4127098	   16	0
4129984	   45	0
4129986	   29	0
4129990	   27	0
4130002	   55	0
4132769	   45	0
4132771	   65	0
4132793	   67	0
4133693	   83	0
4133696	   52	0
4133703	   26	0
4133846	   30	0
4133848	   24	0
4133860	   42	0
4133882	  130	0
4135992	   14	0
4135994	   35	0
4135999	   13	0
4136295	  193	0
4136297	   57	0
4136302	   25	0
4136859	   39	0
4137155	   46	0
4137158	   72	0
4137164	   61	0
4137258	   30	0
4137308	   81	0
4140950	   52	0
4141554	  103	0
4141769	   12	0
4141771	   78	0
4141774	   54	0
4141877	   67	0
4141879	   26	0
4141883	   86	0
4145118	   98	0
4145122	   12	0
4145740	    8	0
4145743	  106	0
4145783	   28	0
4145806	  172	0
4146519	  188	0
4146522	   66	0
4146544	   97	0
4147876	   49	0
4148179	   61	0
4148298	   41	0
4148479	   88	0
4149962	   45	0
4149965	   12	0
4149971	   22	0
4150164	   44	0
4150166	   18	0
4150169	  140	0
4151405	   71	0
4152959	   51	0
4153011	   32	0
4153014	   62	0
4153036	    6	0
4155696	   46	0
4156963	   73	0
4156966	   82	0
4156971	   19	0
4157882	  127	0
4159088	  263	0
4159091	   58	0
4159096	   38	0
4161591	   34	0
4161594	   74	0
4161636	   68	0
4161685	   32	0
4161687	   70	0
4161690	  118	0
4161973	   37	0
4161977	   10	0
4161981	   20	0
4163318	   41	0
4163320	  122	0
4163327	   95	0
4165790	   11	0
4165792	   40	0
4165798	    5	0
4165807	   29	0
4165808	   21	0
4166150	  145	0
4168181	   96	0
4168187	   12	0
4168192	   69	0
4169719	   72	0
4169784	   37	0
4169826	  178	0
4170375	  227	0
4170379	   49	0
4170384	   25	0
4171175	   32	0
4171180	    4	0
4171189	   20	0
4171195	   23	0
4171362	   36	0
4171365	    9	0
4171388	   81	0
4178607	   34	0
4178609	    5	0
4178618	  102	0
4179464	   26	0
4185362	   49	0
4186245	   31	0
4186935	   54	0
4186937	   77	0
4186942	    9	0
4189390	   67	0
4189393	   37	0
4189420	   34	0
4190776	   57	0
4190781	   47	0
4190784	   66	0
4190949	   23	0
4190951	   98	0
4191529	  203	0
4191867	   36	0
4191879	   53	0
4191927	   28	0
4191929	  105	0
4193727	   75	0
4194191	   96	0
4194890	   35	0
4194892	   27	0
4194897	   64	0
4196873	   55	0
4196877	  104	0
4196891	   38	0
4199497	   32	0
4199502	   38	0
4199509	   46	0
4201269	   38	0
4202233	   56	0
4202236	  111	0
4202239	   63	0
4202644	  171	0
4202661	   82	0
4202671	   25	0
4202680	  114	0
4202682	  133	0
4202789	  104	0
4202870	   32	0
4207560	   13	0
4207562	   21	0
4207642	   10	0
4207655	   77	0
4209314	   99	0
4209325	   26	0
4209342	   15	0
4209344	   17	0
4209473	   33	0
4209476	   24	0
4209480	   24	0
4209875	   20	0
4209909	   40	0
4210927	   80	0
4210929	   24	0
4210931	   45	0
4210931	   53	0
4210984	   36	0
4210993	   98	0
4210993	  153	0
4211003	  107	0
4212911	   23	0
4212913	   34	0
4212916	    6	0
4213153	   22	0
4213153	  113	0
4213198	   11	0
4213200	   18	0
4213218	   20	0
4216096	  123	0
4216098	   71	0
4216100	  118	0
4216634	   77	0
4216638	   36	0
4216641	  153	0
4216681	   36	0
4218091	   98	0
4218095	   30	0
4218097	   49	0
4218730	   38	0
4219358	  157	0
4219388	   21	0
4219390	   43	0
4219397	   12	0
4219418	   30	0
4219420	   37	0
4219424	   85	0
4220953	   88	0
4220955	   82	0
4222223	  101	0
4225989	   36	0
4225992	   22	0
4225997	   99	0
4227267	   40	0
4227269	   32	0
4227273	   46	0
4227674	   86	0
4228171	  204	0
4228175	  133	0
4228179	  127	0
4228360	   19	0
4229905	   53	0
4230445	   17	0
4230519	   36	0
4231117	   34	0
4231134	    8	0
4232603	   56	0
4232875	  131	0
4232896	   53	0
4234092	   31	0
4234489	   90	0
4234489	   91	0
4234493	   42	0
4235094	   78	0
4235800	   89	0
4235803	   27	0
4235883	   30	0
4237233	  174	0
4237235	   74	0
4237247	   44	0
4237249	  105	0
4237263	  181	0
4237294	   27	0
4238390	   18	0
4239930	    2	0
4239934	  123	0
4239952	   27	0
4240259	   46	0
4240265	   79	0
4240279	   38	0
4242105	  166	0
4244264	   44	0
4244266	   54	0
4244322	  187	0
4244795	  177	0
4244835	   94	0
4245176	   70	0
4245178	   43	0
4245193	  133	0
4245506	   96	0
4245509	  113	0
4245747	  123	0
4245751	  139	0
4246289	   33	0
4246293	   34	0
4246321	   12	0
4247436	   81	0
4247438	   60	0
4247442	   73	0
4248893	  108	0
4249819	   71	0
4249925	   51	0
4249949	  255	0
4250591	   18	0
4250594	   55	0
4250607	   48	0
4250835	   12	0
4250837	   13	0
4250841	   17	0
4256247	   25	0
4256252	  110	0
4256303	   46	0
4256305	   41	0
4256567	   30	0
4256571	   33	0
4256591	   28	0
4257500	   33	0
4257502	   24	0
4257507	   29	0
4258536	   12	0
4258538	   48	0
4266535	  113	0
4266542	   56	0
4266549	    8	0
4267332	   40	0
4267430	  102	0
4268576	   56	0
4268576	   82	0
4268578	   63	0
4268602	   74	0
4268604	   34	0
4268609	   39	0
4268640	   54	0
4268698	   36	0
4268701	   82	0
4268704	   29	0
4268739	  118	0
4268789	   66	0
4268802	   11	0
4268807	  127	0
4268809	   80	0
4272687	   23	0
4272689	   24	0
4272693	   66	0
4272900	  161	0
4277748	   27	0
4278135	   67	0
4278139	   25	0
4278288	   65	0
4278483	    4	0
4279165	   15	0
4279180	   94	0
4280307	  137	0
4280524	   67	0
4280526	  109	0
4280538	   13	0
4281072	   43	0
4281074	   30	0
4281090	   55	0
4281096	   52	0
4281129	   86	0
4281220	   26	0
4281222	   16	0
4283264	   37	0
4283314	   57	0
4283361	   37	0
4286286	   16	1
4287657	   46	0
4287662	  134	0
4287668	   47	0
4287674	   56	0
4290042	   69	0
4290044	   43	0
4290049	   21	0
4292437	   30	0
4292483	   39	0
4292501	   37	0
4292507	   46	0
4293896	  104	0
4294943	   85	0
4294945	   45	0
4294947	   49	0
4295460	  147	0
4299200	   72	0
4299297	   45	0
4299487	   63	0
4299547	    3	0
4300537	   56	0
4300541	   46	0
4301155	   36	0
4301166	   43	0
4301295	   23	0
4301744	   48	0
4301747	   29	0
4301755	   33	0
4302199	   13	0
4302207	   15	0
4302214	   21	0
4303423	   48	0
4307821	   71	0
4307975	  108	0
4309565	   11	0
4310598	   18	0
4310604	   29	0
4310610	   63	0
4311962	   54	0
4311976	   24	0
4311979	   87	0
4313071	   40	0
4313074	   14	0
4313082	   34	0
4313107	   60	0
4313528	  129	0
4313530	   60	0
4313534	   84	0
4314467	   93	0
4314471	   15	0
4314479	   27	0
4314493	   47	0
4314692	   55	0
4314697	   64	0
4315549	    8	0
4316285	   34	0
4316527	   80	0
4316529	   98	0
4318719	  142	0
4318724	   69	0
4318731	   90	0
4319327	   43	0
4319330	   49	0
4319334	   77	0
4320192	   74	0
4320270	   11	0
4320273	   38	0
4320276	   29	0
4320288	   94	0
4320315	   13	0
4322836	  144	0
4322842	   62	0
4324770	   79	0
4325801	   32	0
4325811	   26	0
4325818	   36	0
4326801	   84	0
4326806	   50	0
4326822	   32	0
4327183	   63	0
4327191	   30	0
4327193	   68	0
4327571	  109	0
4327574	   56	0
4327581	   34	0
4329486	   30	0
4329491	   20	0
4329511	  123	0
4329516	  177	0
4332560	  148	0
4332563	   61	0
4332565	  101	0
4333716	  114	0
4333723	   30	0
4333724	   38	0
4333732	   93	0
4333885	  126	0
4333891	   21	0
4333921	   77	0
4333927	   44	0
4337521	   84	0
4338864	  123	0
4338867	   48	0
4338873	   40	0
4338909	  155	0
4338912	   44	0
4338916	  161	0
4342360	   36	0
4342392	  107	0
4342395	  131	0
4344080	  141	0
4344082	   41	0
4344089	   93	0
4344973	   18	0
4344977	   48	0
4344981	   33	0
4345976	   92	0
4345978	   65	0
4347946	   29	0
4348202	  118	0
4351490	  138	0
4351494	  127	0
4351502	   47	0
4352519	  123	0
4352847	   71	0
4352850	   91	0
4352857	   80	0
4352877	   72	0
4352879	   12	0
4352887	   58	0
4353761	  187	0
4353838	  123	0
4353852	   48	0
4353872	   77	0
4353880	   93	0
4353882	   29	0
4353943	   68	0
4353948	   29	0
4353955	   72	0
4354099	   79	0
4354111	  120	0
4354117	   85	0
4354120	  118	0
4354125	   72	0
4354129	   85	0
4354364	   63	0
4354366	   45	0
4354398	   12	0
4354510	   31	0
4354514	   47	0
4354517	   54	0
4354793	   41	0
4354814	   93	0
4354816	  134	0
4354820	   64	0
4354859	   44	0
4354863	   15	0
4354868	   61	0
4354878	   96	0
4354879	   22	0
4354881	   90	0
4354888	   59	0
4354902	   28	0
4355057	   58	0
4355071	   65	0
4355073	   72	0
4355087	   23	0
4355503	   74	0
4355505	   23	0
4355590	  154	0
4355594	   43	0
4355599	   72	0
4355910	   99	0
4355912	   81	0
4355915	   70	0
4355923	   85	0
4356632	   26	0
4356694	   32	0
4357312	   31	0
4357314	   34	0
4357319	   28	0
4358124	   11	0
4358128	   96	0
4358133	   51	0
4358355	   45	0
4358411	   51	0
4359529	   27	0
4359531	   70	0
4359578	    0	0
4359581	   61	0
4359586	   92	0
4361496	   79	0
4361535	   40	0
4362809	   45	0
4362814	   10	0
4362816	   47	0
4362819	   96	0
4362843	   77	0
4362851	   42	0
4363206	   61	0
4365013	  100	0
4365017	   49	0
4365022	   56	0
4365419	   35	0
4365421	   50	0
4365424	  128	0
4365545	   54	0
4365551	   26	0
4366423	   52	0
4366425	  146	0
4366429	  189	0
4366981	   17	0
4366994	   66	0
4367011	  123	0
4369318	   24	0
4372049	   15	0
4372051	   39	0
4372061	  117	0
4372285	   78	0
4372291	   17	0
4372296	   58	0
4374332	    8	0
4374335	   29	0
4374340	   14	0
4375906	   49	0
4375912	   20	0
4378796	   39	0
4379102	   59	0
4383752	   58	0
4383762	   25	0
4383775	   48	0
4388816	   32	0
4388818	   40	0
4388828	   34	0
4390586	  118	0
4391171	   57	0
4391173	   24	0
4391223	   36	0
4391494	   71	0
4391502	   12	0
4391785	  113	0
4391816	   30	0
4396346	   67	0
4396348	   24	0
4398475	   24	0
4398477	   32	0
4398504	   31	0
4402819	   23	0
4402821	   81	0
4402827	   62	0
4403227	   12	0
4403634	   53	0
4415957	  193	0
4424136	   20	0
4425894	  114	0
4426413	  118	0
4426416	  123	0
4426437	   98	0
4426503	   44	0
4426505	  112	0
4426507	   69	0
4427918	   16	0
4427921	   21	0
4427943	   50	0
4438979	   22	1
4442719	   35	0
4442723	   87	0
4442734	   14	0
4444411	  175	0
4446829	   41	1
4456834	   19	0
4456881	   90	0
4456920	  178	0
4458499	   90	0
4458502	   20	0
4458507	   44	0
4461103	   16	0
4461105	   92	0
4461113	   19	0
4468672	   15	0
4468674	   50	0
4468774	   13	0
4473522	   20	0
4475563	   30	0
4484867	   72	0
4489999	   10	0
4490001	  105	0
4490007	    8	0
4494499	   70	0
4494504	   67	0
4501458	  103	0
4502155	   51	0
4502174	   90	0
4502395	   55	0
4502523	   23	0
4502542	   18	0
4508389	   17	0
4508391	   16	0
4516055	   57	0
4516058	   55	0
4516062	   32	0
4525910	   26	0
4530848	   38	0
4533000	   24	0
4533002	   12	0
4533011	   26	0
4539650	   33	0
4539652	   87	0
4539669	   48	0
4548925	   16	0
4548927	   12	0
4548934	   89	0
4550773	   48	0
4550776	   19	0
4550896	  103	0
4557451	  129	0
4557453	   22	0
4557458	   88	0
4558274	  218	0
4558469	   68	0
4570355	  126	0
4570358	   22	0
4570510	  196	0
4570526	   58	0
4571888	   36	0
4571892	   12	0
4571903	   36	0
4572907	   66	1
4578704	   77	0
4580740	  117	0
4580743	   67	0
4580749	   29	0
4581533	   50	0
4581535	   32	0
4581541	   89	0
4581681	    7	0
4581685	   86	0
4581692	   31	0
4582696	   19	0
4584807	   35	0
4584809	   91	0
4584818	   35	0
4590235	   95	0
4590319	   94	0
4595836	   51	0
4595838	   52	0
4595846	   45	0
4601687	   24	0
4608345	   99	0
4608348	  114	0
4608363	   28	0
4620671	   12	0
4620691	   29	0
4623624	  120	0
4626968	   34	0
4629339	   12	0
4629551	  106	0
4629579	   63	0
4629589	  112	0
4629598	  203	0
4632074	   44	1
4632422	   25	0
4639927	   71	0
4649129	   93	0
4649132	  114	0
4649146	   78	0
4650916	  166	0
4650919	   78	0
4650926	   39	0
4650974	   10	0
4650976	   19	0
4650979	   25	0
4654402	   23	0
4655546	   11	0
4660470	   18	1
4660481	    8	1
4660549	   11	1
4660596	   36	1
4674124	  183	0
4674128	   79	0
4674143	  187	0
4680720	   26	0
4680727	  140	0
4680730	  103	0
4686632	  167	0
4686639	   48	0
4686653	   78	0
4715033	   19	0
4715153	   88	0
4716051	   23	0
4721994	   73	0
4722560	  106	0
4726911	  143	0
4728640	   39	0
4730151	  269	0
4730160	   67	0
4733064	  176	0
4733066	   86	0
4733074	  185	0
4733123	  209	0
4733126	  106	0
4733132	  102	0
4737445	  169	0
4737448	  113	0
4741546	   43	1
4742113	  150	0
4742131	  132	0
4742134	  137	0
4744073	   63	0
4744075	   87	0
4744081	  202	0
4744339	  188	0
4744342	   51	0
4744348	  188	0
4747958	  174	0
4747961	  123	0
4749938	   55	0
4749973	  115	0
4750430	  106	0
4750561	   94	0
4750564	  169	0
4754815	  235	0
4755206	  142	0
4755230	   72	0
4755239	  173	0
4757371	  124	0
4757377	   53	0
4757409	  193	0
4758243	  185	0
4761701	  200	0
4761706	  159	0
4763231	  171	0
4763308	  275	0
4764229	   56	0
4764234	   60	0
4764245	   61	0
4767476	   36	0
4767480	  132	0
4767485	   35	0
4767500	  237	0
4767545	   48	0
4767683	   49	0
4767688	  267	0
4767736	    9	0
4767744	  149	0
4768613	   34	0
4768613	   39	0
4768613	   41	0
4768615	  192	0
4768618	   37	0
4768626	  288	0
4768646	  133	0
4770388	  218	0
4770424	  245	0
4772014	   63	0
4772018	   89	0
4772021	  128	0
4772267	  101	0
4772278	  161	0
4772301	  117	0
4776511	   90	0
4776548	  222	0
4776563	  141	0
4781443	  166	0
4788112	  125	0
4789555	   10	0
4796876	   22	0
4796878	   18	0
4800266	   54	0
4802218	  132	0
4802237	  204	0
4805026	   54	0
4805640	   67	0
4805886	   96	0
4805889	  109	0
4805891	  103	0
4806754	   74	0
4811011	  174	0
4816900	  134	0
4819706	   19	1
4821016	   96	0
4829494	   35	0
4831284	  113	0
4831286	   82	0
4831289	   92	0
4836419	  195	0
4848727	  271	0
4848731	  191	0
4848773	  272	0
4862807	   70	0
4870091	  153	0
4877360	   45	0
4880175	  173	0
4881014	  116	0
4881089	  190	0
4881092	   62	0
4881092	  102	0
4885720	  140	0
4885755	  174	0
4885762	  125	0
4887212	  166	0
4901971	   51	0
4901976	  238	0
4902010	   88	0
4905402	  146	0
4905408	   24	0
4905888	  127	0
4905898	  109	0
4905918	  134	0
4908563	  109	0
4908587	  108	0
4908731	  174	0
4908736	   96	0
4908800	  302	0
4912646	  293	0
4912708	  238	0
4915183	   16	0
4915189	  215	0
4915195	  153	0
4917086	  210	0
4917091	  131	0
4917106	  169	0
4917115	  109	0
4917312	  261	0
4919204	  213	0
4919208	  168	0
4924550	  111	0
4924552	  159	0
4930304	    0	0
4930325	  186	0
4930341	  228	0
4933020	   31	0
4933027	   66	0
4933032	  176	0
4935062	  123	0
4935273	   79	0
4935318	   28	0
4935997	   68	0
4936001	   87	0
4936022	   96	0
4936047	  165	0
4936052	  146	0
4941177	  132	0
4941180	   22	0
4942931	   78	0
4942936	   29	0
4942946	   81	0
4947113	   77	0
4947116	   90	0
4947121	   60	0
4947643	  247	0
4951362	   60	0
4951848	  143	0
4951898	  154	0
4951932	  217	0
4952099	   15	0
4952101	  121	0
4952110	   51	0
4953166	  155	0
4953170	  116	0
4953178	   39	0
4957660	   78	0
4964040	   63	0
4964087	  135	0
4964100	  125	0
4964144	   84	0
4964167	  164	0
4964296	  169	0
4964643	   83	0
4964646	  277	0
4965046	  228	0
4965048	   77	0
4965055	  258	0
4968292	   49	0
4973076	  208	0
4973080	   48	0
4973109	   38	0
4976416	  110	0
4976418	   49	0
4976421	  135	0
4977696	  202	0
4977712	  100	0
4978431	  128	0
4978477	  107	0
4986071	  112	1
4986213	  186	0
4986214	   39	0
4986553	  189	0
4986554	  100	0
4986876	   52	0
4986885	  163	0
4988133	   71	0
4990300	  254	0
4990410	  169	0
4990524	  110	0
4990543	   19	0
4990547	   21	0
4990603	  226	0
4990812	  175	0
4990820	  121	0
4990906	   60	0
4990909	  177	0
4991047	   25	0
4993400	  139	0
4993402	   90	0
4993484	  236	0
4993485	   37	0
4993486	  154	0
4999145	   75	0
4999238	  164	0

