4044311	   10	0
4044813	   38	0
4044836	   18	0
4044905	   41	0
4044976	   22	0
4044981	  141	0
4045019	   29	0
4045019	   93	0
4045042	   11	0
4045042	   15	0
4045042	   16	0
4045042	   17	0
4045042	   18	0
4045043	    7	0
4045043	   39	0
4045043	   46	0
4045043	   51	0
4045043	   54	0
4045043	   57	0
4045043	   59	0
4045043	   61	0
4045043	   63	0
4045043	   65	0
4045043	   67	0
4045043	   69	0
4045043	   71	0
4045043	   73	0
4045043	   75	0
4045043	   77	0
4045043	   79	0
4045044	    8	0
4045044	   24	0
4045044	   26	0
4045044	   28	0
4045044	   30	0
4045044	   31	0
4045044	   32	0
4045044	   33	0
4045044	   34	0
4045044	   35	0
4045044	   36	0
4045044	   37	0
4045044	   38	0
4045044	   39	0
4045044	   40	0
4045044	   41	0
4045044	   42	0
4045044	   43	0
4045044	   44	0
4045044	   45	0
4045044	   46	0
4045044	   47	0
4045044	   48	0
4045044	   49	0
4045044	   50	0
4045044	   51	0
4045044	   52	0
4045044	   53	0
4045044	   54	0
4045044	   55	0
4045044	   56	0
4045044	   57	0
4045044	   58	0
4045044	   59	0
4045044	   60	0
4045044	   61	0
4045044	   62	0
4045044	   63	0
4045044	   64	0
4045044	   65	0
4045044	   66	0
4045044	   67	0
4045044	   68	0
4045044	   69	0
4045044	   70	0
4045044	   71	0
4045044	   72	0
4045044	   73	0
4045044	   74	0
4045044	   75	0
4045045	   21	0
4045045	   26	0
4045045	   29	0
4045045	   31	0
4045045	   33	0
4045045	   35	0
4045045	   37	0
4045045	   39	0
4045045	   41	0
4045045	   43	0
4045045	   45	0
4045045	   47	0
4045045	   49	0
4045045	   51	0
4045045	   53	0
4045045	   55	0
4045045	   57	0
4045045	   59	0
4045046	    5	0
4045046	   29	0
4045046	   34	0
4045046	   39	0
4045046	   43	0
4045046	   45	0
4045046	   47	0
4045046	   49	0
4045046	   51	0
4045046	   53	0
4045047	    1	0
4045047	   19	0
4045047	   24	0
4045047	   29	0
4045047	   32	0
4045047	   35	0
4045047	   38	0
4045047	   41	0
4045048	    2	0
4045048	    6	0
4045048	    9	0
4045048	   11	0
4045048	   13	0
4045048	   15	0
4045048	   17	0
4045048	   19	0
4045048	   21	0
4045048	   23	0
4045048	   25	0
4045048	   27	0
4045048	   29	0
4045048	   30	0
4045049	    5	0
4045049	   42	0
4045049	   48	0
4045049	   52	0
4045049	   56	0
4045049	   60	0
4045049	   64	0
4045051	    8	0
4045051	   59	0
4045051	   70	0
4045051	   77	0
4045051	   82	0
4045051	   87	0
4045051	   92	0
4045052	    3	0
4045052	    4	0
4045052	    5	0
4045052	    6	0
4045052	    7	0
4045052	    8	0
4045052	    9	0
4045052	   10	0
4045052	   11	0
4045052	   12	0
4045052	   13	0
4045052	   14	0
4045052	   15	0
4045052	   16	0
4045052	   17	0
4045052	   18	0
4045052	   19	0
4045052	   20	0
4045052	   21	0
4045052	   22	0
4045052	   23	0
4045052	   24	0
4045052	   25	0
4045052	   26	0
4045052	   27	0
4045052	   28	0
4045052	   29	0
4045052	   30	0
4045052	   31	0
4045052	   32	0
4045052	   33	0
4045052	   34	0
4045052	   35	0
4045052	   36	0
4045052	   37	0
4045052	   38	0
4045052	   39	0
4045052	   40	0
4045052	   41	0
4045052	   42	0
4045052	   43	0
4045052	   44	0
4045052	   45	0
4045052	   46	0
4045052	   47	0
4045052	   48	0
4045052	   49	0
4045052	   50	0
4045052	   51	0
4045052	   52	0
4045052	   53	0
4045052	   54	0
4045052	   55	0
4045052	   56	0
4045052	   57	0
4045052	   58	0
4045052	   59	0
4045052	   60	0
4045052	   61	0
4045052	   62	0
4045052	   63	0
4045052	   64	0
4045052	   65	0
4045052	   66	0
4045052	   67	0
4045052	   68	0
4045052	   69	0
4045052	   70	0
4045052	   71	0
4045052	   72	0
4045052	   73	0
4045052	   74	0
4045052	   75	0
4045052	   76	0
4045052	   77	0
4045052	   78	0
4045052	   79	0
4045052	   80	0
4045052	   81	0
4045052	   82	0
4045052	   83	0
4045052	   84	0
4045052	   85	0
4045052	   86	0
4045052	   87	0
4045052	   88	0
4045052	   89	0
4045052	   90	0
4045052	   91	0
4045052	   92	0
4045052	   93	0
4045052	   94	0
4045052	   95	0
4045052	   96	0
4045052	   97	0
4045052	   98	0
4045054	    6	0
4045054	   71	0
4045054	   79	0
4045054	   85	0
4045054	   89	0
4045054	   93	0
4045054	   97	0
4045054	  101	0
4045054	  104	0
4045054	  107	0
4045054	  110	0
4045054	  113	0
4045054	  114	0
4045054	  115	0
4045054	  116	0
4045054	  117	0
4045054	  118	0
4045054	  119	0
4045055	    1	0
4045055	   10	0
4045055	   12	0
4045055	   14	0
4045055	   16	0
4045055	   18	0
4045055	   20	0
4045055	   22	0
4045055	   23	0
4045055	   24	0
4045055	   25	0
4045055	   26	0
4045055	   27	0
4045055	   28	0
4045055	   29	0
4045055	   30	0
4045055	   31	0
4045055	   32	0
4045055	   33	0
4045055	   34	0
4045055	   35	0
4045055	   36	0
4045055	   37	0
4045055	   38	0
4045055	   39	0
4045055	   40	0
4045055	   41	0
4045055	   42	0
4045055	   43	0
4045055	   44	0
4045055	   45	0
4045055	   46	0
4045055	   47	0
4045055	   48	0
4045055	   49	0
4045055	   50	0
4045055	   51	0
4045055	   52	0
4045055	   53	0
4045055	   54	0
4045055	   55	0
4045055	   56	0
4045055	   57	0
4045055	   58	0
4045055	   59	0
4045055	   60	0
4045055	   61	0
4045055	   62	0
4045055	   63	0
4045055	   64	0
4045055	   65	0
4045055	   66	0
4045055	   67	0
4045055	   68	0
4045055	   69	0
4045055	   70	0
4045055	   71	0
4045055	   72	0
4045055	   73	0
4045055	   74	0
4045055	   75	0
4045055	   76	0
4045055	   77	0
4045055	   78	0
4045055	   79	0
4045055	   80	0
4045055	   81	0
4045055	   82	0
4045055	   83	0
4045055	   84	0
4045055	   85	0
4045055	   86	0
4045055	   87	0
4045055	   88	0
4045055	   89	0
4045055	   90	0
4045055	   91	0
4045055	   92	0
4045055	   93	0
4045055	   94	0
4045055	   95	0
4045055	   96	0
4045055	   97	0
4045055	   98	0
4045055	   99	0
4045055	  100	0
4045055	  101	0
4045055	  102	0
4045055	  103	0
4045055	  104	0
4045055	  105	0
4045055	  106	0
4045055	  107	0
4045055	  108	0
4045055	  109	0
4045055	  110	0
4045055	  111	0
4045055	  112	0
4045055	  113	0
4045055	  114	0
4045055	  115	0
4045055	  116	0
4045055	  117	0
4045055	  118	0
4045055	  119	0
4045055	  120	0
4045056	    9	0
4045056	   27	0
4045056	   31	0
4045056	   33	0
4045056	   34	0
4045056	   35	0
4045056	   36	0
4045056	   37	0
4045056	   38	0
4045056	   39	0
4045056	   40	0
4045056	   41	0
4045056	   42	0
4045056	   43	0
4045056	   44	0
4045056	   45	0
4045056	   46	0
4045056	   47	0
4045056	   48	0
4045056	   49	0
4045056	   50	0
4045056	   51	0
4045056	   52	0
4045056	   53	0
4045056	   54	0
4045056	   55	0
4045056	   56	0
4045056	   57	0
4045056	   58	0
4045056	   59	0
4045056	   60	0
4045056	   61	0
4045056	   62	0
4045056	   63	0
4045056	   64	0
4045056	   65	0
4045056	   66	0
4045056	   67	0
4045056	   68	0
4045056	   69	0
4045056	   70	0
4045056	   71	0
4045056	   72	0
4045056	   73	0
4045056	   74	0
4045056	   75	0
4045056	   76	0
4045056	   77	0
4045056	   78	0
4045056	   79	0
4045056	   80	0
4045056	   81	0
4045056	   82	0
4045056	   83	0
4045056	   84	0
4045056	   85	0
4045056	   86	0
4045056	   87	0
4045056	   88	0
4045056	   89	0
4045056	   90	0
4045056	   91	0
4045056	   92	0
4045056	   93	0
4045056	   94	0
4045056	   95	0
4045056	   96	0
4045056	   97	0
4045056	   98	0
4045056	   99	0
4045056	  100	0
4045056	  101	0
4045056	  102	0
4045056	  103	0
4045056	  104	0
4045056	  105	0
4045056	  106	0
4045056	  107	0
4045056	  108	0
4045056	  109	0
4045056	  110	0
4045056	  111	0
4045056	  112	0
4045056	  113	0
4045056	  114	0
4045056	  115	0
4045056	  116	0
4045056	  117	0
4045056	  118	0
4045056	  119	0
4045056	  120	0
4045056	  121	0
4045056	  122	0
4045056	  123	0
4045056	  124	0
4045056	  125	0
4045056	  126	0
4045056	  127	0
4045058	   15	0
4045058	   16	0
4045058	   17	0
4045058	   18	0
4045058	   19	0
4045058	   20	0
4045058	   21	0
4045058	   22	0
4045058	   23	0
4045058	   24	0
4045058	   25	0
4045058	   26	0
4045058	   27	0
4045058	   28	0
4045058	   29	0
4045058	   30	0
4045058	   31	0
4045058	   32	0
4045058	   33	0
4045058	   34	0
4045058	   35	0
4045058	   36	0
4045058	   37	0
4045058	   38	0
4045058	   39	0
4045058	   40	0
4045058	   41	0
4045058	   42	0
4045058	   43	0
4045058	   44	0
4045058	   45	0
4045058	   46	0
4045058	   47	0
4045058	   48	0
4045058	   49	0
4045058	   50	0
4045058	   51	0
4045058	   52	0
4045058	   53	0
4045058	   54	0
4045058	   55	0
4045058	   56	0
4045058	   57	0
4045058	   58	0
4045058	   59	0
4045058	   60	0
4045058	   61	0
4045058	   62	0
4045058	   63	0
4045058	   64	0
4045058	   65	0
4045058	   66	0
4045058	   67	0
4045058	   68	0
4045058	   69	0
4045058	   70	0
4045058	   71	0
4045058	   72	0
4045058	   73	0
4045058	   74	0
4045058	   75	0
4045058	   76	0
4045058	   77	0
4045058	   78	0
4045058	   79	0
4045058	   80	0
4045058	   81	0
4045058	   82	0
4045058	   83	0
4045058	   84	0
4045058	   85	0
4045058	   86	0
4045058	   87	0
4045058	   88	0
4045058	   89	0
4045058	   90	0
4045058	   91	0
4045058	   92	0
4045058	   93	0
4045058	   94	0
4045058	   95	0
4045058	   96	0
4045058	   97	0
4045058	   98	0
4045058	   99	0
4045058	  100	0
4045058	  101	0
4045058	  102	0
4045058	  103	0
4045058	  104	0
4045058	  105	0
4045058	  106	0
4045058	  107	0
4045058	  108	0
4045058	  109	0
4045058	  110	0
4045058	  111	0
4045058	  112	0
4045058	  113	0
4045058	  114	0
4045060	   27	0
4045060	   28	0
4045060	   29	0
4045060	   30	0
4045060	   31	0
4045060	   32	0
4045060	   33	0
4045060	   34	0
4045060	   35	0
4045060	   36	0
4045060	   37	0
4045060	   38	0
4045060	   39	0
4045060	   40	0
4045060	   41	0
4045060	   42	0
4045060	   43	0
4045060	   44	0
4045060	   45	0
4045060	   46	0
4045060	   47	0
4045060	   48	0
4045060	   49	0
4045060	   50	0
4045060	   51	0
4045060	   52	0
4045060	   53	0
4045060	   54	0
4045060	   55	0
4045060	   56	0
4045060	   57	0
4045060	   58	0
4045060	   59	0
4045060	   60	0
4045060	   61	0
4045060	   62	0
4045060	   63	0
4045060	   64	0
4045060	   65	0
4045060	   66	0
4045060	   67	0
4045060	   68	0
4045060	   69	0
4045060	   70	0
4045060	   71	0
4045060	   72	0
4045060	   73	0
4045060	   74	0
4045060	   75	0
4045060	   76	0
4045060	   77	0
4045060	   78	0
4045060	   79	0
4045060	   80	0
4045060	   81	0
4045060	   82	0
4045060	   83	0
4045060	   84	0
4045060	   85	0
4045060	   86	0
4045060	   87	0
4045060	   88	0
4045060	   89	0
4045060	   90	0
4045060	   91	0
4045060	   92	0
4045060	   93	0
4045060	   94	0
4045060	   95	0
4045060	   96	0
4045060	   97	0
4045060	   98	0
4045060	   99	0
4045060	  100	0
4045060	  101	0
4045060	  102	0
4045060	  103	0
4045060	  104	0
4045060	  105	0
4045060	  106	0
4045060	  107	0
4045060	  108	0
4045060	  109	0
4045060	  110	0
4045060	  111	0
4045060	  112	0
4045060	  113	0
4045060	  114	0
4045060	  115	0
4045060	  116	0
4045061	   13	0
4045063	    9	0
4045063	   10	0
4045063	   11	0
4045063	   12	0
4045063	   13	0
4045063	   14	0
4045063	   15	0
4045063	   16	0
4045063	   17	0
4045063	   18	0
4045063	   19	0
4045063	   20	0
4045063	   21	0
4045063	   22	0
4045063	   23	0
4045063	   24	0
4045063	   25	0
4045063	   26	0
4045063	   27	0
4045063	   28	0
4045063	   29	0
4045063	   30	0
4045063	   31	0
4045063	   32	0
4045063	   33	0
4045063	   34	0
4045063	   35	0
4045063	   36	0
4045063	   37	0
4045063	   38	0
4045063	   39	0
4045063	   40	0
4045063	   41	0
4045063	   42	0
4045063	   43	0
4045063	   44	0
4045063	   45	0
4045063	   46	0
4045063	   47	0
4045063	   48	0
4045063	   49	0
4045063	   50	0
4045063	   51	0
4045063	   52	0
4045063	   53	0
4045063	   54	0
4045063	   55	0
4045063	   56	0
4045063	   57	0
4045063	   58	0
4045063	   59	0
4045063	   60	0
4045063	   61	0
4045063	   62	0
4045063	   63	0
4045063	   64	0
4045063	   65	0
4045063	   66	0
4045063	   67	0
4045063	   68	0
4045063	   69	0
4045063	   70	0
4045063	   71	0
4045063	   72	0
4045063	   73	0
4045063	   74	0
4045063	   75	0
4045063	   76	0
4045063	   77	0
4045063	   78	0
4045063	   79	0
4045063	   80	0
4045063	   81	0
4045063	   82	0
4045063	   83	0
4045063	   84	0
4045063	   85	0
4045063	   86	0
4045063	   87	0
4045063	   88	0
4045063	   89	0
4045063	   90	0
4045063	   91	0
4045063	   92	0
4045063	   93	0
4045063	   94	0
4045063	   95	0
4045063	   96	0
4045063	   97	0
4045063	   98	0
4045063	   99	0
4045063	  100	0
4045063	  101	0
4045063	  102	0
4045063	  103	0
4045063	  104	0
4045063	  105	0
4045063	  106	0
4045063	  107	0
4045063	  108	0
4045063	  109	0
4045063	  110	0
4045063	  111	0
4045063	  112	0
4045063	  113	0
4045063	  114	0
4045063	  115	0
4045066	   54	0
4045066	   68	0
4045066	   81	0
4045066	   87	0
4045066	   95	0
4045066	   98	0
4045067	   30	0
4045067	   38	0
4045067	   44	0
4045067	   48	0
4045067	   54	0
4045067	   59	0
4045067	   64	0
4045067	   68	0
4045067	   73	0
4045067	   77	0
4045067	   80	0
4045067	   83	0
4045067	   86	0
4045067	   88	0
4045069	   17	0
4045069	   51	0
4045069	   57	0
4045069	   59	0
4045069	   61	0
4045069	   63	0
4045069	   65	0
4045069	   67	0
4045069	   69	0
4045069	   71	0
4045069	   73	0
4045069	   75	0
4045069	   77	0
4045069	   79	0
4045069	   81	0
4045069	   83	0
4045069	   85	0
4045069	   87	0
4045069	   88	0
4045069	   89	0
4045069	   90	0
4045069	   91	0
4045069	   92	0
4045069	   93	0
4045069	   94	0
4045069	   95	0
4045069	   96	0
4045069	   97	0
4045069	   98	0
4045069	   99	0
4045069	  100	0
4045069	  101	0
4045069	  102	0
4045069	  103	0
4045069	  104	0
4045069	  105	0
4045069	  106	0
4045069	  107	0
4045069	  108	0
4045069	  109	0
4045069	  110	0
4045069	  111	0
4045069	  112	0
4045069	  113	0
4045069	  114	0
4045069	  115	0
4045069	  116	0
4045069	  117	0
4045069	  118	0
4045069	  119	0
4045069	  120	0
4045069	  121	0
4045070	    1	0
4045070	    2	0
4045070	    3	0
4045070	    4	0
4045070	    5	0
4045070	    6	0
4045070	    7	0
4045070	    8	0
4045070	    9	0
4045070	   10	0
4045070	   11	0
4045070	   12	0
4045070	   13	0
4045070	   14	0
4045070	   15	0
4045070	   16	0
4045070	   17	0
4045070	   18	0
4045070	   19	0
4045070	   20	0
4045070	   21	0
4045070	   22	0
4045070	   23	0
4045070	   24	0
4045070	   25	0
4045070	   26	0
4045070	   27	0
4045070	   28	0
4045070	   29	0
4045070	   30	0
4045070	   31	0
4045070	   32	0
4045070	   33	0
4045070	   34	0
4045070	   35	0
4045070	   36	0
4045070	   37	0
4045070	   38	0
4045070	   39	0
4045070	   40	0
4045070	   41	0
4045070	   42	0
4045070	   43	0
4045070	   44	0
4045070	   45	0
4045070	   46	0
4045070	   47	0
4045070	   48	0
4045070	   49	0
4045070	   50	0
4045070	   51	0
4045070	   52	0
4045070	   53	0
4045070	   54	0
4045070	   55	0
4045070	   56	0
4045070	   57	0
4045070	   58	0
4045070	   59	0
4045070	   60	0
4045070	   61	0
4045070	   62	0
4045070	   63	0
4045070	   64	0
4045070	   65	0
4045070	   66	0
4045070	   67	0
4045070	   68	0
4045070	   69	0
4045070	   70	0
4045070	   71	0
4045070	   72	0
4045070	   73	0
4045070	   74	0
4045070	   75	0
4045070	   76	0
4045070	   77	0
4045070	   78	0
4045070	   79	0
4045070	   80	0
4045070	   81	0
4045070	   82	0
4045070	   83	0
4045070	   84	0
4045070	   85	0
4045070	   86	0
4045070	   87	0
4045070	   88	0
4045070	   89	0
4045070	   90	0
4045070	   91	0
4045070	   92	0
4045070	   93	0
4045070	   94	0
4045070	   95	0
4045070	   96	0
4045070	   97	0
4045070	   98	0
4045070	   99	0
4045070	  100	0
4045070	  101	0
4045070	  102	0
4045070	  103	0
4045070	  104	0
4045070	  105	0
4045070	  106	0
4045070	  107	0
4045070	  108	0
4045070	  109	0
4045070	  110	0
4045070	  111	0
4045070	  112	0
4045070	  113	0
4045070	  114	0
4045071	    6	0
4045071	    7	0
4045071	    8	0
4045071	    9	0
4045071	   10	0
4045071	   11	0
4045071	   12	0
4045071	   13	0
4045071	   14	0
4045071	   15	0
4045071	   16	0
4045071	   17	0
4045071	   18	0
4045071	   19	0
4045071	   20	0
4045071	   21	0
4045071	   22	0
4045071	   23	0
4045071	   24	0
4045071	   25	0
4045071	   26	0
4045071	   27	0
4045071	   28	0
4045071	   29	0
4045071	   30	0
4045071	   31	0
4045071	   32	0
4045071	   33	0
4045071	   34	0
4045071	   35	0
4045071	   36	0
4045071	   37	0
4045071	   38	0
4045071	   39	0
4045071	   40	0
4045071	   41	0
4045071	   42	0
4045071	   43	0
4045071	   44	0
4045071	   45	0
4045071	   46	0
4045071	   47	0
4045071	   48	0
4045071	   49	0
4045071	   50	0
4045071	   51	0
4045071	   52	0
4045071	   53	0
4045071	   54	0
4045071	   55	0
4045071	   56	0
4045071	   57	0
4045071	   58	0
4045071	   59	0
4045071	   60	0
4045071	   61	0
4045071	   62	0
4045145	    0	0
4045145	   76	0
4045152	    0	0
4045160	   50	0
4045163	    0	0
4045163	    1	0
4045173	   66	0
4045174	    0	0
4045184	   88	0
4045185	    0	0
4045185	   21	0
4045185	   27	0
4045186	    0	0
4045186	    8	0
4045186	   11	0
4045187	  167	0
4045189	    0	0
4045189	   41	0
4045189	   56	0
4045189	   62	0
4045189	   67	0
4045205	    1	0
4045205	    2	0
4045206	    0	0
4045207	    0	0
4045207	    9	0
4045207	   11	0
4045207	   12	0
4045209	    0	0
4045209	    1	0
4045209	    2	0
4045210	    0	0
4045210	    1	0
4045212	    0	0
4045212	    5	0
4045212	    9	0
4045215	    0	0
4045216	   95	0
4045216	  126	0
4045216	  131	0
4045216	  133	0
4045216	  136	0
4045216	  139	0
4045218	    0	0
4045218	    1	0
4045218	    2	0
4045218	    3	0
4045219	    0	0
4045219	   53	0
4045219	   57	0
4045220	    0	0
4045221	    0	0
4045222	    0	0
4045222	   98	0
4045223	    0	0
4045223	   40	0
4045223	   46	0
4045224	    0	0
4045224	    1	0
4045224	    2	0
4045224	    3	0
4045224	    4	0
4045224	    5	0
4045224	    6	0
4045224	    7	0
4045224	    8	0
4045224	    9	0
4045224	   10	0
4045224	   11	0
4045224	   12	0
4045227	    0	0
4045227	   39	0
4045229	    0	0
4045231	    0	0
4045231	   56	0
4045233	    0	0
4045234	    0	0
4045234	    1	0
4045235	    0	0
4045235	    1	0
4045235	    2	0
4045235	    3	0
4045236	    0	0
4045236	   39	0
4045241	    0	0
4045242	    0	0
4045242	    1	0
4045242	    2	0
4045242	    3	0
4045242	    4	0
4045242	    5	0
4045242	    6	0
4045242	    7	0
4045242	    8	0
4045242	    9	0
4045242	   10	0
4045242	   11	0
4045242	   12	0
4045242	   13	0
4045242	   14	0
4045244	    0	0
4045244	   33	0
4045244	   37	0
4045244	   40	0
4045244	   41	0
4045245	    0	0
4045247	    0	0
4045248	    0	0
4045248	    1	0
4045248	    2	0
4045249	    0	0
4045249	    1	0
4045250	    0	0
4045250	    1	0
4045251	    0	0
4045251	   13	0
4045253	  195	0
4045254	   53	0
4045255	    0	0
4045256	   38	0
4045256	   63	0
4045260	    0	0
4045261	    0	0
4045262	   13	0
4045263	    0	0
4045263	   91	0
4045263	  103	0
4045263	  112	0
4045263	  117	0
4045263	  122	0
4045263	  127	0
4045263	  132	0
4045264	   25	0
4045265	    0	0
4045267	    0	0
4045267	    1	0
4045267	    2	0
4045268	   39	0
4045269	    0	0
4045270	    0	0
4045270	    1	0
4045270	    2	0
4045270	    3	0
4045272	    0	0
4045272	   89	0
4045272	   97	0
4045273	    0	0
4045273	   94	0
4045273	  100	0
4045273	  104	0
4045275	    0	0
4045278	    0	0
4045278	   82	0
4045278	   94	0
4045280	    0	0
4045282	    0	0
4045283	    0	0
4045283	  127	0
4045283	  138	0
4045283	  143	0
4045284	    0	0
4045284	    1	0
4045286	    0	0
4045287	    0	0
4045287	    1	0
4045287	    2	0
4045288	    0	0
4045289	    0	0
4045291	    0	0
4045291	    1	0
4045291	    2	0
4045292	    0	0
4045292	   99	0
4045292	  108	0
4045293	   16	0
4045294	    0	0
4045296	    0	0
4045296	   90	0
4045296	   99	0
4045296	  102	0
4045296	  104	0
4045297	    0	0
4045298	    0	0
4045298	    1	0
4045298	    2	0
4045298	    3	0
4045298	    4	0
4045298	    5	0
4045298	    6	0
4045298	    7	0
4045298	    8	0
4045298	    9	0
4045298	   10	0
4045298	   11	0
4045298	   12	0
4045298	   13	0
4045299	    0	0
4045299	   18	0
4045299	   20	0
4045299	   22	0
4045300	    0	0
4045301	    0	0
4045302	    0	0
4045303	    0	0
4045304	    0	0
4045305	    0	0
4045305	  112	0
4045305	  139	0
4045306	    0	0
4045306	   72	0
4045306	  102	0
4045306	  112	0
4045307	    0	0
4045307	    1	0
4045307	    2	0
4045307	    3	0
4045307	    4	0
4045307	    5	0
4045307	    6	0
4045307	    7	0
4045307	    8	0
4045308	    0	0
4045308	    1	0
4045308	    2	0
4045309	   95	0
4045310	    0	0
4045312	    0	0
4045312	   73	0
4045312	   83	0
4045312	   89	0
4045315	    0	0
4045315	   33	0
4045316	    0	0
4045316	   56	0
4045316	   65	0
4045316	   69	0
4045316	   72	0
4045317	    0	0
4045317	  104	0
4045317	  117	0
4045317	  124	0
4045317	  129	0
4045318	    1	0
4045318	  110	0
4045318	  134	0
4045318	  137	0
4045322	    0	0
4045322	   15	0
4045325	    0	0
4045325	   74	0
4045325	   85	0
4045325	   92	0
4045325	   96	0
4045326	    0	0
4045326	    1	0
4045327	   32	0
4045328	    0	0
4045329	    0	0
4045329	    8	0
4045329	   10	0
4045330	    0	0
4045330	   71	0
4045331	    6	0
4045333	    0	0
4045333	    1	0
4045333	    2	0
4045334	    0	0
4045334	   70	0
4045334	   82	0
4045335	    0	0
4045337	   80	0
4045337	  106	0
4045337	  112	0
4045337	  115	0
4045337	  117	0
4045338	    0	0
4045338	   54	0
4045339	    0	0
4045339	   41	0
4045340	    0	0
4045340	    1	0
4045340	    2	0
4045340	    3	0
4045341	    0	0
4045342	    0	0
4045343	   38	0
4045343	   69	0
4045343	   78	0
4045343	   83	0
4045343	   88	0
4045343	   91	0
4045343	   93	0
4045343	   95	0
4045343	   97	0
4045343	   99	0
4045344	    0	0
4045348	    0	0
4045348	   65	0
4045348	   75	0
4045348	   79	0
4045351	    1	0
4045351	   78	0
4045351	   94	0
4045351	  100	0
4045351	  106	0
4045351	  110	0
4045351	  113	0
4045351	  116	0
4045351	  119	0
4045351	  122	0
4045352	    0	0
4045352	    1	0
4045352	    2	0
4045352	    3	0
4045353	    0	0
4045354	    0	0
4045355	    1	0
4045355	  114	0
4045355	  129	0
4045355	  135	0
4045355	  139	0
4045355	  142	0
4045357	   31	0
4045359	    1	0
4045359	   46	0
4045359	   49	0
4045359	   52	0
4045360	    0	0
4045360	   15	0
4045360	   18	0
4045362	    0	0
4045362	    1	0
4045362	    2	0
4045362	    3	0
4045362	    4	0
4045363	    0	0
4045363	    1	0
4045363	    2	0
4045364	    0	0
4045364	  115	0
4045364	  164	0
4045364	  174	0
4045365	    0	0
4045365	    1	0
4045365	    2	0
4045366	    0	0
4045366	   65	0
4045367	    0	0
4045367	   53	0
4045368	    0	0
4045368	   85	0
4045368	   93	0
4045368	   97	0
4045368	  100	0
4045369	    0	0
4045370	    0	0
4045371	    0	0
4045371	   51	0
4045372	   52	0
4045372	   70	0
4045372	   76	0
4045373	    0	0
4045373	    1	0
4045373	    2	0
4045373	    3	0
4045374	    0	0
4045374	    1	0
4045374	    2	0
4045374	    3	0
4045374	    4	0
4045374	    5	0
4045374	    6	0
4045374	    7	0
4045375	    0	0
4045376	    0	0
4045376	    1	0
4045377	    0	0
4045377	   51	0
4045378	   34	0
4045378	   41	0
4045379	    0	0
4045379	    1	0
4045379	    2	0
4045381	    0	0
4045381	   53	0
4045382	    0	0
4045382	    1	0
4045383	    0	0
4045383	   88	0
4045383	  100	0
4045383	  105	0
4045383	  110	0
4045385	    0	0
4045385	  100	0
4045385	  115	0
4045385	  121	0
4045385	  125	0
4045386	    0	0
4045388	    1	0
4045388	   61	0
4045388	   70	0
4045390	    0	0
4045390	    1	0
4045390	    2	0
4045390	    3	0
4045391	    0	0
4045392	    0	0
4045392	    1	0
4045392	    2	0
4045392	    3	0
4045395	    0	0
4045395	    5	0
4045395	    8	0
4045396	    0	0
4045396	  109	0
4045396	  127	0
4045397	  195	0
4045398	    0	0
4045398	    1	0
4045398	    2	0
4045398	    3	0
4045398	    4	0
4045398	    5	0
4045398	    6	0
4045398	    7	0
4045398	    8	0
4045398	    9	0
4045398	   10	0
4045398	   11	0
4045399	    1	0
4045399	   84	0
4045399	   92	0
4045399	  105	0
4045399	  111	0
4045399	  114	0
4045400	    0	0
4045400	   18	0
4045401	    0	0
4045401	    8	0
4045402	    0	0
4045403	    0	0
4045403	    1	0
4045403	    2	0
4045403	    3	0
4045403	    4	0
4045403	    5	0
4045403	    6	0
4045403	    7	0
4045403	    8	0
4045403	    9	0
4045403	   10	0
4045403	   11	0
4045404	    1	0
4045405	    0	0
4045405	   61	0
4045405	   77	0
4045405	   88	0
4045405	   96	0
4045405	  101	0
4045405	  106	0
4045405	  110	0
4045407	    0	0
4045407	    1	0
4045407	    2	0
4045409	    0	0
4045409	    1	0
4045409	    2	0
4045409	    3	0
4045409	    4	0
4045409	    5	0
4045410	   74	0
4045410	   88	0
4045410	  140	0
4045412	    0	0
4045412	    1	0
4045413	    0	0
4045413	    1	0
4045414	    0	0
4045416	    0	0
4045418	    0	0
4045419	    0	0
4045419	   12	0
4045419	   14	0
4045421	    0	0
4045425	    0	0
4045426	    0	0
4045429	    0	0
4045429	   13	0
4045429	   16	0
4045429	   18	0
4045434	    0	0
4045434	    1	0
4045434	    2	0
4045434	    3	0
4045434	    4	0
4045436	    0	0
4045438	    0	0
4045439	    0	0
4045440	   48	0
4045440	   64	0
4045442	    0	0
4045442	    1	0
4045443	    1	0
4045444	    0	0
4045444	    1	0
4045445	    0	0
4045445	   52	0
4045445	   57	0
4045446	    1	0
4045447	    0	0
4045447	    1	0
4045447	    2	0
4045448	    0	0
4045448	    1	0
4045450	    0	0
4045450	   38	0
4045451	   25	0
4045451	   35	0
4045453	    0	0
4045453	    9	0
4045453	   11	0
4045454	    0	0
4045455	    0	0
4045455	   89	0
4045455	   96	0
4045456	    0	0
4045457	    0	0
4045458	    0	0
4045458	  100	0
4045458	  136	0
4045458	  143	0
4045459	   34	0
4045459	   43	0
4045460	    0	0
4045460	    1	0
4045460	    2	0
4045460	    3	0
4045460	    4	0
4045460	    5	0
4045460	    6	0
4045461	    0	0
4045461	   98	0
4045461	  109	0
4045461	  115	0
4045461	  120	0
4045461	  124	0
4045462	    0	0
4045462	   17	0
4045464	    0	0
4045464	    1	0
4045468	    0	0
4045468	    1	0
4045468	    2	0
4045468	    3	0
4045468	    4	0
4045468	    5	0
4045468	    6	0
4045469	    0	0
4045469	   40	0
4045469	   52	0
4045470	   58	0
4045470	   98	0
4045470	  103	0
4045470	  105	0
4045470	  106	0
4045470	  107	0
4045470	  108	0
4045471	    0	0
4045471	    1	0
4045471	    2	0
4045567	    0	0
4045567	   58	0
4045567	   68	0
4045567	   73	0
4045569	    0	0
4045569	    1	0
4045570	   37	0
4045570	   46	0
4045570	   51	0
4045570	   54	0
4045570	   55	0
4045571	    0	0
4045573	    0	0
4045573	    1	0
4045573	    2	0
4045573	    3	0
4045575	    1	0
4045575	   24	0
4045577	    0	0
4045577	   24	0
4045579	    1	0
4045579	   43	0
4045579	   50	0
4045579	   53	0
4045579	   56	0
4045579	   59	0
4045580	    0	0
4045580	    1	0
4045580	    2	0
4045580	    3	0
4045580	    4	0
4045580	    5	0
4045580	    6	0
4045580	    7	0
4045581	    0	0
4045581	   99	0
4045583	    0	0
4045583	   52	0
4045583	   59	0
4045583	   62	0
4045585	    0	0
4045585	   31	0
4045586	    0	0
4045586	   10	0
4045587	    0	0
4045587	    1	0
4045587	    2	0
4045587	    3	0
4045588	    0	0
4045588	    1	0
4045589	    0	0
4045589	    1	0
4045591	    0	0
4045591	    9	0
4045591	   12	0
4045591	   14	0
4045591	   15	0
4045591	   16	0
4045591	   17	0
4045591	   18	0
4045591	   19	0
4045591	   20	0
4045592	    0	0
4045592	    1	0
4045592	    2	0
4045592	    3	0
4045593	    0	0
4045593	    1	0
4045595	    0	0
4045595	   39	0
4045595	   44	0
4045595	   47	0
4045597	    0	0
4045597	    1	0
4045598	    0	0
4045598	   47	0
4045598	   54	0
4045598	   59	0
4045598	   63	0
4045598	   66	0
4045598	   69	0
4045599	    0	0
4045599	   30	0
4045600	    0	0
4045601	    0	0
4045601	    1	0
4045601	    2	0
4045601	    3	0
4045601	    4	0
4045601	    5	0
4045602	    0	0
4045602	   28	0
4045603	    0	0
4045603	   31	0
4045604	    0	0
4045604	    1	0
4045604	    2	0
4045604	    3	0
4045604	    4	0
4045604	    5	0
4045605	    0	0
4045605	    1	0
4045606	    0	0
4045606	   27	0
4045610	   63	0
4045610	   97	0
4045610	  100	0
4045610	  104	0
4045610	  107	0
4045610	  109	0
4045610	  111	0
4045610	  113	0
4045610	  115	0
4045611	  109	0
4045611	  126	0
4045612	    0	0
4045612	  116	0
4045612	  142	0
4045612	  152	0
4045614	    0	0
4045614	   50	0
4045614	   60	0
4045614	   65	0
4045614	   69	0
4045614	   73	0
4045614	   77	0
4045614	   80	0
4045614	   81	0
4045614	   82	0
4045614	   83	0
4045614	   84	0
4045614	   85	0
4045614	   86	0
4045615	   21	0
4045615	   25	0
4045615	   29	0
4045615	   32	0
4045615	   35	0
4045615	   38	0
4045615	   41	0
4045615	   43	0
4045615	   44	0
4045615	   45	0
4045615	   46	0
4045615	   47	0
4045615	   48	0
4045615	   49	0
4045615	   50	0
4045615	   51	0
4045615	   52	0
4045615	   53	0
4045615	   54	0
4045616	    0	0
4045616	    1	0
4045616	    2	0
4045616	    3	0
4045617	    0	0
4045617	   49	0
4045617	   56	0
4045617	   61	0
4045619	    0	0
4045619	   52	0
4045619	   59	0
4045619	   65	0
4045619	   69	0
4045619	   72	0
4045619	   75	0
4045619	   78	0
4045620	    0	0
4045620	    1	0
4045620	    2	0
4045622	   23	0
4045622	   29	0
4045622	   30	0
4045622	   31	0
4045623	    0	0
4045623	    1	0
4045625	    0	0
4045625	    1	0
4045626	    1	0
4045626	   30	0
4045626	   35	0
4045626	   39	0
4045628	    0	0
4045628	   19	0
4045629	    0	0
4045629	    7	0
4045629	    9	0
4045629	   11	0
4045629	   13	0
4045629	   14	0
4045630	    0	0
4045630	    1	0
4045630	    2	0
4045630	    3	0
4045631	    0	0
4045631	   30	0
4045632	    0	0
4045632	   43	0
4045632	   57	0
4045632	   64	0
4045633	    0	0
4045633	    1	0
4045633	    2	0
4045633	    3	0
4045634	   18	0
4045634	   26	0
4045635	    0	0
4045635	   19	0
4045636	    0	0
4045636	   32	0
4045638	    0	0
4045638	   48	0
4045638	   54	0
4045638	   57	0
4045638	   59	0
4045638	   61	0
4045638	   63	0
4045639	    0	0
4045639	   15	0
4045639	   52	0
4045639	   61	0
4045639	   65	0
4045639	   68	0
4045639	   71	0
4045639	   73	0
4045641	    0	0
4045642	    0	0
4045642	    1	0
4045643	    0	0
4045643	   16	0
4045645	    0	0
4045645	   50	0
4045645	   60	0
4045645	   66	0
4045645	   70	0
4045645	   73	0
4045645	   75	0
4045646	    0	0
4045646	    8	0
4045646	   10	0
4045646	   11	0
4045646	   12	0
4045646	   13	0
4045646	   14	0
4045647	    0	0
4045647	   12	0
4045649	    0	0
4045649	   43	0
4045650	    0	0
4045650	   39	0
4045651	    0	0
4045651	    8	0
4045651	    9	0
4045651	   10	0
4045653	    0	0
4045653	    1	0
4045653	    2	0
4045653	    3	0
4045653	    4	0
4045653	    5	0
4045655	    0	0
4045655	    1	0
4045655	    2	0
4045655	    3	0
4045655	    4	0
4045655	    5	0
4045657	    0	0
4045657	    1	0
4045657	    2	0
4045657	    3	0
4045657	    4	0
4045657	    5	0
4045658	    0	0
4045658	    2	0
4045659	    0	0
4045659	   77	0
4045660	    0	0
4045660	   62	0
4045660	   75	0
4045660	   84	0
4045660	   92	0
4045661	    0	0
4045661	    1	0
4045661	    2	0
4045661	    3	0
4045661	    4	0
4045661	    5	0
4045661	    6	0
4045661	    7	0
4045661	    8	0
4045661	    9	0
4045662	   91	0
4045662	  122	0
4045662	  127	0
4045663	    0	0
4045663	    1	0
4045663	    2	0
4045663	    3	0
4045663	    4	0
4045663	    5	0
4045663	    6	0
4045663	    7	0
4045663	    8	0
4045664	   25	0
4045665	    0	0
4045667	    0	0
4045667	   43	0
4045668	   64	0
4045668	   91	0
4045668	   93	0
4045668	   96	0
4045669	    0	0
4045669	    1	0
4045669	    2	0
4045669	    3	0
4045673	   20	0
4045673	   28	0
4045673	   29	0
4045673	   30	0
4045674	    0	0
4045674	    1	0
4045675	    0	0
4045675	    1	0
4045676	   61	0
4045676	   82	0
4045676	   85	0
4045676	   87	0
4045676	   89	0
4045676	   91	0
4045677	    0	0
4045677	    9	0
4045678	    0	0
4045678	   93	0
4045678	  101	0
4045678	  105	0
4045678	  108	0
4045678	  111	0
4045678	  113	0
4045678	  115	0
4045678	  117	0
4045678	  119	0
4045679	    0	0
4045679	    1	0
4045679	    2	0
4045679	    3	0
4045679	    4	0
4045679	    5	0
4045681	    0	0
4045681	   21	0
4045682	    0	0
4045682	    1	0
4045682	    2	0
4045682	    3	0
4045682	    4	0
4045682	    5	0
4045682	    6	0
4045682	    7	0
4045683	    0	0
4045683	   65	0
4045684	    0	0
4045684	    1	0
4045684	    2	0
4045684	    3	0
4045684	    4	0
4045684	    5	0
4045687	    0	0
4045687	   36	0
4045687	   44	0
4045687	   46	0
4045689	    0	0
4045689	   47	0
4045689	   77	0
4045689	   97	0
4045689	  101	0
4045689	  104	0
4045689	  107	0
4045689	  110	0
4045689	  113	0
4045689	  116	0
4045689	  119	0
4045691	    0	0
4045691	   19	0
4045692	    0	0
4045692	    1	0
4045693	    0	0
4045693	   16	0
4045694	    5	0
4045694	   63	0
4045694	   72	0
4045694	   79	0
4045694	   82	0
4045694	   85	0
4045694	   87	0
4045694	   89	0
4045694	   91	0
4045694	   93	0
4045696	    0	0
4045696	   20	0
4045696	   22	0
4045696	   24	0
4045697	   32	0
4045697	   51	0
4045698	    3	0
4045698	   50	0
4045698	   55	0
4045698	   59	0
4045698	   62	0
4045698	   64	0
4045699	    0	0
4045699	    1	0
4045699	    2	0
4045699	    3	0
4045700	    0	0
4045700	   49	0
4045700	   55	0
4045700	   58	0
4045700	   61	0
4045700	   64	0
4045700	   67	0
4045701	    0	0
4045702	   34	0
4045702	   49	0
4045702	   52	0
4045702	   54	0
4045703	    0	0
4045703	    1	0
4045704	   38	0
4045704	   62	0
4045704	   64	0
4045704	   65	0
4045705	    0	0
4045705	    1	0
4045705	    2	0
4045705	    3	0
4045708	    0	0
4045708	   77	0
4045708	   90	0
4045708	   94	0
4045708	   98	0
4045708	  102	0
4045708	  104	0
4045708	  106	0
4045708	  108	0
4045708	  110	0
4045708	  111	0
4045708	  112	0
4045708	  113	0
4045708	  114	0
4045711	    0	0
4045711	   67	0
4045711	   73	0
4045711	   79	0
4045711	   84	0
4045711	   88	0
4045711	   92	0
4045711	   96	0
4045712	    0	0
4045712	    1	0
4045713	   13	0
4045713	   17	0
4045716	    0	0
4045716	   27	0
4045716	   34	0
4045716	   41	0
4045717	    0	0
4045717	   68	0
4045717	   74	0
4045717	   78	0
4045717	   82	0
4045717	   86	0
4045717	   90	0
4045717	   94	0
4045717	   98	0
4045717	  102	0
4045718	    0	0
4045718	   29	0
4045720	    0	0
4045720	   21	0
4045720	   26	0
4045720	   29	0
4045722	    0	0
4045722	   31	0
4045722	   35	0
4045723	    0	0
4045723	   13	0
4045723	   16	0
4045723	   17	0
4045723	   18	0
4045723	   19	0
4045723	   20	0
4045723	   21	0
4045723	   22	0
4045723	   23	0
4045723	   24	0
4045723	   25	0
4045724	    0	0
4045724	    5	0
4045724	    6	0
4045724	    7	0
4045725	    0	0
4045725	  133	0
4045725	  171	0
4045725	  177	0
4045726	    0	0
4045726	    1	0
4045726	    2	0
4045726	    3	0
4045728	    0	0
4045728	   23	0
4045729	    0	0
4045729	    1	0
4045729	    2	0
4045729	    3	0
4045731	   50	0
4045731	   58	0
4045734	    0	0
4045734	    1	0
4045734	    2	0
4045734	    3	0
4045734	    4	0
4045734	    5	0
4045734	    6	0
4045734	    7	0
4045734	    8	0
4045734	    9	0
4045734	   10	0
4045734	   11	0
4045734	   12	0
4045734	   13	0
4045735	    0	0
4045735	   73	0
4045735	   80	0
4045735	   86	0
4045736	    0	0
4045736	    1	0
4045736	    2	0
4045736	    3	0
4045736	    4	0
4045736	    5	0
4045736	    6	0
4045737	    0	0
4045737	    1	0
4045737	    2	0
4045737	    3	0
4045738	    5	0
4045738	   64	0
4045738	   72	0
4045738	   75	0
4045739	    0	0
4045739	   52	0
4045739	   65	0
4045739	   69	0
4045741	    0	0
4045741	   21	0
4045743	    0	0
4045743	    6	0
4045743	    8	0
4045743	   10	0
4045744	    0	0
4045744	    1	0
4045744	    2	0
4045744	    3	0
4045744	    4	0
4045744	    5	0
4045745	    0	0
4045745	    1	0
4045745	    2	0
4045745	    3	0
4045745	    4	0
4045745	    5	0
4045745	    6	0
4045745	    7	0
4045745	    8	0
4045745	    9	0
4045746	    0	0
4045746	   43	0
4045746	   48	0
4045746	   49	0
4045747	    0	0
4045747	   13	0
4045748	    0	0
4045748	   39	0
4045748	   45	0
4045748	   48	0
4045748	   50	0
4045748	   51	0
4045748	   52	0
4045748	   53	0
4045750	    0	0
4045750	   75	0
4045750	   88	0
4045750	   94	0
4045750	   97	0
4045750	  100	0
4045750	  103	0
4045750	  106	0
4045750	  109	0
4045750	  112	0
4045751	    0	0
4045751	    8	0
4045753	    0	0
4045753	   15	0
4045754	    0	0
4045754	    1	0
4045754	    2	0
4045754	    3	0
4045754	    4	0
4045754	    5	0
4045756	   58	0
4045756	   73	0
4045756	   75	0
4045756	   76	0
4045759	    0	0
4045759	    1	0
4045759	    2	0
4045759	    3	0
4045759	    4	0
4045759	    5	0
4045759	    6	0
4045759	    7	0
4045759	    8	0
4045759	    9	0
4045759	   10	0
4045759	   11	0
4045760	    0	0
4045760	    1	0
4045760	    2	0
4045760	    3	0
4045761	    0	0
4045761	    1	0
4045761	    2	0
4045761	    3	0
4045761	    4	0
4045761	    5	0
4045761	    6	0
4045761	    7	0
4045762	    0	0
4045763	    0	0
4045763	    1	0
4045763	    2	0
4045763	    3	0
4045763	    4	0
4045764	   30	0
4045764	   62	0
4045764	   67	0
4045764	   74	0
4045764	   79	0
4045764	   83	0
4045765	    0	0
4045765	    1	0
4045765	    2	0
4045765	    3	0
4045765	    4	0
4045765	    5	0
4045766	    0	0
4045766	    1	0
4045768	    0	0
4045768	   35	0
4045768	   42	0
4045768	   49	0
4045768	   54	0
4045768	   57	0
4045768	   60	0
4045768	   63	0
4045769	    0	0
4045769	   20	0
4045769	   24	0
4045771	    0	0
4045771	    1	0
4045772	    0	0
4045773	    0	0
4045773	    1	0
4045773	    2	0
4045773	    3	0
4045773	    4	0
4045773	    5	0
4045773	    6	0
4045773	    7	0
4045773	    8	0
4045775	    0	0
4045775	    1	0
4045775	    2	0
4045775	    3	0
4045775	    4	0
4045775	    5	0
4045776	    0	0
4045776	   46	0
4045777	    0	0
4045777	    1	0
4045777	    2	0
4045777	    3	0
4045777	    4	0
4045777	    5	0
4045780	    0	0
4045780	   16	0
4045782	    0	0
4045782	   41	0
4045782	   44	0
4045782	   46	0
4045782	   47	0
4045782	   48	0
4045783	    0	0
4045783	   62	0
4045783	   69	0
4045784	    0	0
4045784	    1	0
4045784	    2	0
4045784	    3	0
4045784	    4	0
4045784	    5	0
4045784	    6	0
4045785	    0	0
4045785	   23	0
4045785	   26	0
4045785	   29	0
4045785	   32	0
4045786	    0	0
4045787	    0	0
4045787	    1	0
4045787	    2	0
4045787	    3	0
4045787	    4	0
4045787	    5	0
4045787	    6	0
4045787	    7	0
4045787	    8	0
4045788	    0	0
4045788	   16	0
4045790	    0	0
4045790	    1	0
4045790	    2	0
4045790	    3	0
4045790	    4	0
4045790	    5	0
4045791	    0	0
4045791	    1	0
4045792	    0	0
4045792	    1	0
4045793	    0	0
4045793	   64	0
4045793	   71	0
4045793	   75	0
4045795	    0	0
4045795	   26	0
4045795	   30	0
4045795	   33	0
4045797	    0	0
4045797	   40	0
4045798	    0	0
4045798	    1	0
4045799	    0	0
4045799	    1	0
4045799	    2	0
4045799	    3	0
4045800	    0	0
4045800	   69	0
4045800	   74	0
4045800	   75	0
4045800	   76	0
4045800	   77	0
4045802	    0	0
4045802	   24	0
4045802	   30	0
4045802	   33	0
4045802	   35	0
4045802	   37	0
4045804	    0	0
4045804	    3	0
4045806	    0	0
4045806	    1	0
4045806	    2	0
4045806	    3	0
4045806	    4	0
4045807	   13	0
4045807	   25	0
4045808	    0	0
4045808	    1	0
4045809	    0	0
4045809	   37	0
4045809	   43	0
4045809	   46	0
4045810	    0	0
4045810	    1	0
4045812	    0	0
4045812	   89	0
4045812	  108	0
4045812	  114	0
4045813	    0	0
4045813	   24	0
4045813	   27	0
4045813	   30	0
4045813	   33	0
4045814	    0	0
4045814	    4	0
4045814	    6	0
4045814	    7	0
4045814	    8	0
4045814	    9	0
4045814	   10	0
4045814	   11	0
4045814	   12	0
4045814	   13	0
4045814	   14	0
4045814	   15	0
4045814	   16	0
4045815	    0	0
4045816	    0	0
4045816	    7	0
4045816	   10	0
4045816	   13	0
4045816	   16	0
4045816	   19	0
4045816	   22	0
4045816	   25	0
4045816	   28	0
4045816	   31	0
4045816	   34	0
4045816	   36	0
4045816	   38	0
4045816	   39	0
4045817	    0	0
4045817	   50	0
4045817	   64	0
4045817	   72	0
4045817	   78	0
4045817	   81	0
4045817	   83	0
4045819	    0	0
4045819	    1	0
4045819	    2	0
4045819	    3	0
4045819	    4	0
4045819	    5	0
4045820	    0	0
4045820	   73	0
4045820	   83	0
4045820	   90	0
4045820	   96	0
4045820	  102	0
4045820	  107	0
4045820	  112	0
4045820	  117	0
4045820	  122	0
4045822	    0	0
4045822	    1	0
4045822	    2	0
4045822	    3	0
4045824	    0	0
4045824	    1	0
4045824	    2	0
4045824	    3	0
4045824	    4	0
4045824	    5	0
4045824	    6	0
4045824	    7	0
4045826	    0	0
4045826	   90	0
4045826	   95	0
4045826	   97	0
4045826	   99	0
4045826	  100	0
4045826	  101	0
4045826	  102	0
4045827	    0	0
4045827	    1	0
4045828	    0	0
4045828	   78	0
4045828	   84	0
4045829	    0	0
4045829	  192	0
4045830	    0	0
4045830	   17	0
4045830	   22	0
4045830	   25	0
4045830	   27	0
4045830	   29	0
4045830	   31	0
4045830	   33	0
4045830	   35	0
4045830	   37	0
4045830	   38	0
4045830	   39	0
4045830	   40	0
4045830	   41	0
4045830	   42	0
4045830	   43	0
4045830	   44	0
4045830	   45	0
4045830	   46	0
4045830	   47	0
4045830	   48	0
4045830	   49	0
4045830	   50	0
4045830	   51	0
4045830	   52	0
4045830	   53	0
4045830	   54	0
4045831	    0	0
4045831	  102	0
4045831	  117	0
4045831	  127	0
4045831	  133	0
4045831	  137	0
4045831	  141	0
4045831	  145	0
4045832	    0	0
4045832	    1	0
4045832	    2	0
4045832	    3	0
4045832	    4	0
4045832	    5	0
4045832	    6	0
4045832	    7	0
4045834	    0	0
4045834	    1	0
4045834	    2	0
4045834	    3	0
4045835	    0	0
4045835	    1	0
4045835	    2	0
4045835	    3	0
4045835	    4	0
4045835	    5	0
4045835	    6	0
4045835	    7	0
4045835	    8	0
4045835	    9	0
4045836	    0	0
4045837	   19	0
4045838	    0	0
4045838	   26	0
4045840	   15	0
4045840	   21	0
4045841	    0	0
4045841	   55	0
4045841	   64	0
4045841	   66	0
4045841	   68	0
4045841	   69	0
4045842	    0	0
4045842	   13	0
4045843	    0	0
4045843	   45	0
4045843	   57	0
4045843	   64	0
4045843	   68	0
4045843	   70	0
4045844	    0	0
4045844	    1	0
4045844	    2	0
4045844	    3	0
4045847	    0	0
4045847	   34	0
4045847	   36	0
4045847	   38	0
4045848	    0	0
4045848	    3	0
4045848	    6	0
4045848	    9	0
4045848	   11	0
4045848	   12	0
4045849	    0	0
4045849	    1	0
4045849	    2	0
4045849	    3	0
4045849	    4	0
4045849	    5	0
4045849	    6	0
4045849	    7	0
4045849	    8	0
4045849	    9	0
4045849	   10	0
4045849	   11	0
4045849	   12	0
4045849	   13	0
4045850	    0	0
4045850	   65	0
4045850	   78	0
4045850	   85	0
4045850	   89	0
4045850	   92	0
4045850	   95	0
4045850	   98	0
4045851	    0	0
4045851	   49	0
4045852	    0	0
4045852	   49	0
4045852	   62	0
4045852	   65	0
4045853	    0	0
4045853	   18	0
4045855	    0	0
4045855	   18	0
4045855	   23	0
4045855	   26	0
4045857	    0	0
4045857	    1	0
4045857	    2	0
4045857	    3	0
4045857	    4	0
4045857	    5	0
4045858	    0	0
4045858	   16	0
4045859	   20	0
4045859	   33	0
4045860	    0	0
4045860	    1	0
4045860	    2	0
4045861	    0	0
4045861	    1	0
4045861	    2	0
4045861	    3	0
4045862	    0	0
4045862	   62	0
4045862	   71	0
4045862	   78	0
4045862	   83	0
4045862	   88	0
4045862	   91	0
4045862	   94	0
4045863	    0	0
4045863	   35	0
4045863	   43	0
4045863	   48	0
4045865	    0	0
4045865	   77	0
4045865	   86	0
4045865	   94	0
4045865	  101	0
4045865	  106	0
4045866	    0	0
4045866	    2	0
4045866	    3	0
4045866	    4	0
4045867	   13	0
4045867	   29	0
4045867	   33	0
4045868	   19	0
4045870	    0	0
4045870	   30	0
4045870	   39	0
4045870	   44	0
4045870	   48	0
4045870	   52	0
4045871	    0	0
4045871	    1	0
4045871	    2	0
4045871	    3	0
4045871	    4	0
4045871	    5	0
4045871	    6	0
4045871	    7	0
4045871	    8	0
4045871	    9	0
4045873	    0	0
4045873	    4	0
4045873	    5	0
4045873	    6	0
4045873	    7	0
4045873	    8	0
4045877	    0	0
4045877	   93	0
4045877	  109	0
4045878	   29	0
4045878	   33	0
4045878	   39	0
4045878	   42	0
4045878	   47	0
4045878	   49	0
4045878	   55	0
4045878	   57	0
4045878	   63	0
4045878	   65	0
4045878	   70	0
4045878	   72	0
4045878	   76	0
4045878	   79	0
4045878	   81	0
4045882	    0	0
4045882	   15	0
4045882	   16	0
4045882	   17	0
4045882	   18	0
4045882	   19	0
4045882	   20	0
4045882	   21	0
4045882	   22	0
4045882	   23	0
4045882	   24	0
4045882	   25	0
4045882	   26	0
4045882	   27	0
4045884	    2	0
4045884	   33	0
4045885	    0	0
4045885	   10	0
4045887	    0	0
4045887	   32	0
4045887	   36	0
4045887	   39	0
4045887	   42	0
4045887	   45	0
4045887	   48	0
4045887	   50	0
4045889	   45	0
4045889	   56	0
4045889	   57	0
4045889	   59	0
4045890	    0	0
4045890	    1	0
4045891	    0	0
4045891	   38	0
4045893	    0	0
4045893	    1	0
4045893	    2	0
4045893	    3	0
4045893	    4	0
4045893	    5	0
4045893	    6	0
4045893	    7	0
4045894	    9	0
4045894	  155	0
4045894	  168	0
4045894	  173	0
4045894	  178	0
4045894	  183	0
4045894	  186	0
4045894	  188	0
4045895	    1	0
4045895	    2	0
4045895	    3	0
4045895	    4	0
4045895	    5	0
4045895	    6	0
4045895	    7	0
4045895	    8	0
4045895	    9	0
4045895	   10	0
4045935	   29	0
4045935	   30	0
4045935	   31	0
4045935	   32	0
4045935	   33	0
4045935	   34	0
4045935	   35	0
4045935	   36	0
4045935	   37	0
4045935	   38	0
4045935	   39	0
4045935	   40	0
4045935	   41	0
4045935	   42	0
4045935	   43	0
4045935	   44	0
4045935	   45	0
4045935	   46	0
4045935	   47	0
4045935	   48	0
4045935	   49	0
4045935	   50	0
4045935	   51	0
4045935	   52	0
4045935	   53	0
4045935	   54	0
4045935	   55	0
4045935	   56	0
4045935	   57	0
4045935	   58	0
4045935	   59	0
4045935	   60	0
4045935	   61	0
4045935	   62	0
4045936	   35	0
4045937	    9	0
4045937	   10	0
4045937	   11	0
4045937	   12	0
4045937	   13	0
4045937	   14	0
4045937	   15	0
4045938	   20	0
4045938	   21	0
4045938	   22	0
4045938	   23	0
4045938	   24	0
4045938	   25	0
4045938	   26	0
4045938	   27	0
4045938	   28	0
4045938	   29	0
4045938	   30	0
4045938	   31	0
4045938	   32	0
4045938	   33	0
4045938	   34	0
4045938	   35	0
4045938	   36	0
4045938	   37	0
4045938	   38	0
4045938	   39	0
4045940	    8	0
4045940	   10	0
4045940	   12	0
4045940	   14	0
4045940	   16	0
4045940	   17	0
4045940	   18	0
4045940	   19	0
4045940	   20	0
4045940	   21	0
4045940	   22	0
4045940	   23	0
4045940	   24	0
4045940	   25	0
4045940	   26	0
4045940	   27	0
4045940	   28	0
4045940	   29	0
4045940	   30	0
4045940	   31	0
4045940	   32	0
4045940	   33	0
4045940	   34	0
4045940	   35	0
4045940	   36	0
4045940	   37	0
4045940	   38	0
4045940	   39	0
4045940	   40	0
4045940	   41	0
4045941	    5	0
4045943	    3	0
4045944	    0	0
4045944	   50	0
4045944	   69	0
4045944	   77	0
4045944	   84	0
4045944	   90	0
4045944	   95	0
4045945	    3	0
4045945	   41	0
4045945	   46	0
4045945	   50	0
4045945	   53	0
4045945	   56	0
4045945	   59	0
4045945	   62	0
4045945	   65	0
4045945	   68	0
4045945	   71	0
4045945	   73	0
4045945	   75	0
4045945	   77	0
4045945	   79	0
4045945	   81	0
4045945	   83	0
4045945	   85	0
4045945	   87	0
4045945	   89	0
4045945	   91	0
4045945	   93	0
4045945	   95	0
4045945	   97	0
4045945	   99	0
4045945	  101	0
4045945	  102	0
4045945	  103	0
4045945	  104	0
4045945	  105	0
4045945	  106	0
4045945	  107	0
4045945	  108	0
4045945	  109	0
4045945	  110	0
4045945	  111	0
4045945	  112	0
4045945	  113	0
4045945	  114	0
4045945	  115	0
4045945	  116	0
4045945	  117	0
4045945	  118	0
4045945	  119	0
4045945	  120	0
4045945	  121	0
4045945	  122	0
4045945	  123	0
4045945	  124	0
4045946	    5	0
4045946	    6	0
4045946	    7	0
4045946	    8	0
4045946	    9	0
4045946	   10	0
4045946	   11	0
4045946	   12	0
4045946	   13	0
4045946	   14	0
4045946	   15	0
4045946	   16	0
4045946	   17	0
4045946	   18	0
4045946	   19	0
4045946	   20	0
4045946	   21	0
4045946	   22	0
4045947	    1	0
4045947	    2	0
4045948	    2	0
4045948	   20	0
4045948	   24	0
4045948	   27	0
4045949	    3	0
4045949	    4	0
4045949	    5	0
4045949	    6	0
4045949	    7	0
4045949	    8	0
4045949	    9	0
4045949	   10	0
4045949	   11	0
4045949	   12	0
4045949	   13	0
4045949	   14	0
4045949	   15	0
4045949	   16	0
4045949	   17	0
4045949	   18	0
4045949	   19	0
4045949	   20	0
4045949	   21	0
4045949	   22	0
4045950	   13	0
4045950	   14	0
4045950	   15	0
4045950	   16	0
4045950	   17	0
4045950	   18	0
4045950	   19	0
4045950	   20	0
4045950	   21	0
4045950	   22	0
4045950	   23	0
4045950	   24	0
4045950	   25	0
4045950	   26	0
4045950	   27	0
4045950	   28	0
4045950	   29	0
4045950	   30	0
4045950	   31	0
4045950	   32	0
4045950	   33	0
4045950	   34	0
4045950	   35	0
4045950	   36	0
4045950	   37	0
4045950	   38	0
4045950	   39	0
4045950	   40	0
4045950	   41	0
4045950	   42	0
4045950	   43	0
4045950	   44	0
4045950	   45	0
4045950	   46	0
4045950	   47	0
4045950	   48	0
4045950	   49	0
4045950	   50	0
4045950	   51	0
4045950	   52	0
4045950	   53	0
4045950	   54	0
4045950	   55	0
4045950	   56	0
4045950	   57	0
4045950	   58	0
4045950	   59	0
4045951	    1	0
4045951	    2	0
4045951	    3	0
4045951	    4	0
4045951	    5	0
4045951	    6	0
4045951	    7	0
4045951	    8	0
4045951	    9	0
4045952	   14	0
4045952	   15	0
4045952	   16	0
4045952	   17	0
4045952	   18	0
4045952	   19	0
4045952	   20	0
4045952	   21	0
4045952	   22	0
4045952	   23	0
4045952	   24	0
4045952	   25	0
4045953	    1	0
4045953	    2	0
4045955	   63	0
4045955	  131	0
4045955	  138	0
4045955	  144	0
4045955	  147	0
4045956	    4	0
4045956	   73	0
4045956	   77	0
4045956	   81	0
4045956	   85	0
4045956	   89	0
4045956	   93	0
4045956	   96	0
4045956	   99	0
4045956	  102	0
4045957	   13	0
4045957	   14	0
4045957	   15	0
4045957	   16	0
4045957	   17	0
4045957	   18	0
4045957	   19	0
4045957	   20	0
4045957	   21	0
4045957	   22	0
4045957	   23	0
4045957	   24	0
4045957	   25	0
4045957	   26	0
4045957	   27	0
4045957	   28	0
4045957	   29	0
4045957	   30	0
4045957	   31	0
4045957	   32	0
4045957	   33	0
4045957	   34	0
4045957	   35	0
4045957	   36	0
4045957	   37	0
4045957	   38	0
4045957	   39	0
4045957	   40	0
4045957	   41	0
4045957	   42	0
4045957	   43	0
4045957	   44	0
4045957	   45	0
4045957	   46	0
4045957	   47	0
4045957	   48	0
4045957	   49	0
4045957	   50	0
4045957	   51	0
4045957	   52	0
4045957	   53	0
4045957	   54	0
4045957	   55	0
4045957	   56	0
4045957	   57	0
4045957	   58	0
4045957	   59	0
4045957	   60	0
4045957	   61	0
4045957	   62	0
4045957	   63	0
4045957	   64	0
4045957	   65	0
4045957	   66	0
4045957	   67	0
4045957	   68	0
4045957	   69	0
4045957	   70	0
4045957	   71	0
4045957	   72	0
4045957	   73	0
4045957	   74	0
4045957	   75	0
4045957	   76	0
4045957	   77	0
4045957	   78	0
4045957	   79	0
4045957	   80	0
4045957	   81	0
4045957	   82	0
4045957	   83	0
4045957	   84	0
4045957	   85	0
4045958	    0	0
4045958	    1	0
4045958	    2	0
4045958	    3	0
4045959	    4	0
4045959	    5	0
4045959	    6	0
4045959	    7	0
4045959	    8	0
4045959	    9	0
4045959	   10	0
4045959	   11	0
4045959	   12	0
4045959	   13	0
4045959	   14	0
4045959	   15	0
4045960	   19	0
4045960	   20	0
4045960	   21	0
4045960	   22	0
4045960	   23	0
4045960	   24	0
4045960	   25	0
4045960	   26	0
4045960	   27	0
4045960	   28	0
4045960	   29	0
4045960	   30	0
4045960	   31	0
4045960	   32	0
4045960	   33	0
4045960	   34	0
4045960	   35	0
4045960	   36	0
4045960	   37	0
4045960	   38	0
4045960	   39	0
4045960	   40	0
4045960	   41	0
4045960	   42	0
4045960	   43	0
4045960	   44	0
4045960	   45	0
4045960	   46	0
4045960	   47	0
4045960	   48	0
4045961	    6	0
4045961	   52	0
4045961	   69	0
4045961	   80	0
4045961	   87	0
4045961	   93	0
4045961	   98	0
4045961	  103	0
4045961	  108	0
4045961	  113	0
4045961	  118	0
4045961	  123	0
4045961	  128	0
4045961	  133	0
4045961	  137	0
4045961	  141	0
4045961	  145	0
4045961	  149	0
4045964	    2	0
4045964	   61	0
4045964	   65	0
4045964	   67	0
4045964	   69	0
4045964	   71	0
4045964	   73	0
4045964	   75	0
4045964	   77	0
4045964	   79	0
4045964	   81	0
4045964	   83	0
4045964	   85	0
4045964	   87	0
4045964	   89	0
4045964	   91	0
4045964	   93	0
4045964	   95	0
4045964	   97	0
4045964	   98	0
4045964	   99	0
4045964	  100	0
4045964	  101	0
4045964	  102	0
4045964	  103	0
4045965	    7	0
4045965	   35	0
4045965	   36	0
4045965	   37	0
4045965	   38	0
4045965	   39	0
4045965	   40	0
4045965	   41	0
4045965	   42	0
4045965	   43	0
4045965	   44	0
4045965	   45	0
4045965	   46	0
4045965	   47	0
4045965	   48	0
4045965	   49	0
4045965	   50	0
4045965	   51	0
4045966	    8	0
4045966	   89	0
4045966	   94	0
4045966	   98	0
4045966	  101	0
4045966	  104	0
4045966	  107	0
4045966	  110	0
4045966	  113	0
4045966	  116	0
4045966	  119	0
4045966	  122	0
4045966	  125	0
4045966	  128	0
4045966	  131	0
4045966	  134	0
4045966	  137	0
4045966	  139	0
4045966	  141	0
4045966	  143	0
4045969	   64	0
4045970	   17	0
4045970	   29	0
4045970	   31	0
4045970	   33	0
4045970	   35	0
4045970	   37	0
4045970	   39	0
4045971	    2	0
4045971	    9	0
4045971	   11	0
4045971	   13	0
4045971	   15	0
4045971	   17	0
4045971	   19	0
4045971	   20	0
4045971	   21	0
4045971	   22	0
4045971	   23	0
4045971	   24	0
4045971	   25	0
4045971	   26	0
4045971	   27	0
4045971	   28	0
4045971	   29	0
4045971	   30	0
4045971	   31	0
4045971	   32	0
4045971	   33	0
4045971	   34	0
4045971	   35	0
4045971	   36	0
4045971	   37	0
4045971	   38	0
4045971	   39	0
4045971	   40	0
4045971	   41	0
4045971	   42	0
4045971	   43	0
4045971	   44	0
4045971	   45	0
4045971	   46	0
4045971	   47	0
4045971	   48	0
4045971	   49	0
4045971	   50	0
4045971	   51	0
4045971	   52	0
4045971	   53	0
4045971	   54	0
4045971	   55	0
4045971	   56	0
4045971	   57	0
4045971	   58	0
4045971	   59	0
4045971	   60	0
4045971	   61	0
4045971	   62	0
4045971	   63	0
4045971	   64	0
4045971	   65	0
4045971	   66	0
4045971	   67	0
4045971	   68	0
4045971	   69	0
4045971	   70	0
4045971	   71	0
4045971	   72	0
4045971	   73	0
4045971	   74	0
4045971	   75	0
4045971	   76	0
4045971	   77	0
4045971	   78	0
4045971	   79	0
4045972	   13	0
4045972	   69	0
4045972	   72	0
4045972	   74	0
4045972	   76	0
4045972	   78	0
4045972	   80	0
4045972	   81	0
4045972	   82	0
4045972	   83	0
4045972	   84	0
4045972	   85	0
4045972	   86	0
4045972	   87	0
4045972	   88	0
4045972	   89	0
4045972	   90	0
4045972	   91	0
4045972	   92	0
4045972	   93	0
4045972	   94	0
4045972	   95	0
4045972	   96	0
4045972	   97	0
4045973	    1	0
4045973	   30	0
4045973	   33	0
4045973	   34	0
4045973	   35	0
4045973	   36	0
4045973	   37	0
4045973	   38	0
4045973	   39	0
4045973	   40	0
4045974	    2	0
4045974	   33	0
4045974	   35	0
4045974	   36	0
4045974	   37	0
4045974	   38	0
4045975	   18	0
4045975	   19	0
4045975	   20	0
4045975	   21	0
4045975	   22	0
4045975	   23	0
4045975	   24	0
4045975	   25	0
4045975	   26	0
4045975	   27	0
4045975	   28	0
4045975	   29	0
4045975	   30	0
4045975	   31	0
4045975	   32	0
4045975	   33	0
4045975	   34	0
4045975	   35	0
4045975	   36	0
4045975	   37	0
4045975	   38	0
4045975	   39	0
4045975	   40	0
4045975	   41	0
4045975	   42	0
4045975	   43	0
4045975	   44	0
4045975	   45	0
4045975	   46	0
4045975	   47	0
4045975	   48	0
4045975	   49	0
4045975	   50	0
4045976	   11	0
4045976	   12	0
4045976	   13	0
4045976	   14	0
4045976	   15	0
4045976	   16	0
4045976	   17	0
4045976	   18	0
4045976	   19	0
4045976	   20	0
4045976	   21	0
4045976	   22	0
4045976	   23	0
4046002	    4	0
4046002	    7	0
4046004	   30	0
4046004	  136	0
4046019	   33	0
4046030	   27	0
4046043	   38	0
4046053	   20	0
4046053	   94	0
4046053	  115	0
4046053	  119	0
4046053	  123	0
4046053	  127	0
4046054	    3	0
4046054	    5	0
4046054	    6	0
4046054	    7	0
4046054	    8	0
4046054	    9	0
4046055	   19	0
4046055	  114	0
4046055	  122	0
4046055	  127	0
4046055	  132	0
4046056	    2	0
4046056	    3	0
4046056	    4	0
4046056	    5	0
4046056	    6	0
4046056	    7	0
4046056	    8	0
4046056	    9	0
4046057	    1	0
4046057	    2	0
4046058	   18	0
4046058	   47	0
4046058	   53	0
4046058	   58	0
4046060	   19	0
4046060	   47	0
4046060	   53	0
4046060	   58	0
4046061	   10	0
4046061	   11	0
4046061	   12	0
4046061	   13	0
4046061	   14	0
4046061	   15	0
4046061	   16	0
4046061	   17	0
4046062	   19	0
4046062	   20	0
4046062	   21	0
4046062	   22	0
4046062	   23	0
4046062	   24	0
4046062	   25	0
4046062	   26	0
4046063	    7	0
4046063	    8	0
4046063	    9	0
4046063	   10	0
4046064	   96	0
4046064	  139	0
4046064	  144	0
4046064	  150	0
4046064	  155	0
4046064	  160	0
4046065	   14	0
4046065	   63	0
4046065	   68	0
4046065	   73	0
4046069	    5	0
4046069	  188	0
4046069	  208	0
4046069	  212	0
4046069	  216	0
4046069	  219	0
4046069	  222	0
4046069	  225	0
4046070	   27	0
4046070	   28	0
4046070	   29	0
4046070	   30	0
4046070	   31	0
4046070	   32	0
4046070	   33	0
4046070	   34	0
4046070	   35	0
4046070	   36	0
4046070	   37	0
4046070	   38	0
4046070	   39	0
4046070	   40	0
4046072	    8	0
4046072	    9	0
4046072	   10	0
4046072	   11	0
4046072	   12	0
4046072	   13	0
4046072	   14	0
4046072	   15	0
4046072	   16	0
4046072	   17	0
4046074	   39	0
4046074	  107	0
4046074	  114	0
4046074	  124	0
4046074	  129	0
4046075	    9	0
4046075	   10	0
4046075	   11	0
4046075	   12	0
4046075	   13	0
4046075	   14	0
4046075	   15	0
4046075	   16	0
4046075	   17	0
4046077	   14	0
4046077	  177	0
4046077	  196	0
4046078	    9	0
4046078	   10	0
4046078	   11	0
4046078	   12	0
4046078	   13	0
4046078	   14	0
4046078	   15	0
4046078	   16	0
4046078	   17	0
4046079	    7	0
4046079	    8	0
4046081	   39	0
4046081	   40	0
4046081	   41	0
4046081	   42	0
4046081	   43	0
4046081	   44	0
4046081	   45	0
4046081	   46	0
4046081	   47	0
4046081	   48	0
4046081	   49	0
4046081	   50	0
4046082	    6	0
4046082	  113	0
4046082	  126	0
4046082	  135	0
4046082	  143	0
4046083	    3	0
4046083	   35	0
4046083	   46	0
4046083	   56	0
4046083	   63	0
4046083	   70	0
4046083	   76	0
4046086	   17	0
4046087	    5	0
4046087	   72	0
4046087	   80	0
4046087	   88	0
4046087	   94	0
4046087	  100	0
4046087	  105	0
4046087	  110	0
4046087	  115	0
4046087	  119	0
4046087	  123	0
4046087	  127	0
4046087	  131	0
4046087	  134	0
4046087	  137	0
4046087	  140	0
4046087	  143	0
4046087	  146	0
4046087	  149	0
4046087	  152	0
4046087	  155	0
4046087	  158	0
4046087	  161	0
4046087	  163	0
4046087	  165	0
4046087	  167	0
4046087	  169	0
4046087	  171	0
4046087	  173	0
4046088	    3	0
4046088	    4	0
4046090	   36	0
4046090	  206	0
4046091	   18	0
4046091	   64	0
4046091	   75	0
4046091	   84	0
4046151	    5	0
4046789	   35	0
4046803	    9	0
4047667	   14	0
4047669	   11	0
4048770	  124	0
4048770	  125	0
4048779	   53	0
4050431	   17	0
4052181	   63	0
4055664	    2	0
4067480	   30	0
4067482	  146	0
4067533	  105	0
4067536	   19	0
4067571	    9	0
4067582	   60	0
4067608	   16	0
4067612	   34	0
4067616	   16	0
4067623	   28	0
4067658	   40	0
4067661	    7	0
4067664	   11	0
4067674	  116	0
4067676	   55	0
4067680	   87	0
4067757	   62	0
4067765	   43	0
4067811	   63	0
4067826	   33	0
4067973	   20	0
4067990	   29	0
4068013	   50	0
4068027	  149	0
4068056	   37	0
4068079	    1	0
4068098	   34	0
4068207	   29	0
4068220	   68	0
4068252	   30	0
4072001	   23	0
4072008	   23	0
4072021	   64	0
4072035	  113	0
4072043	   41	0
4072063	    8	0
4072088	   42	0
4072097	   23	0
4072102	   31	0
4072113	    7	0
4072119	   23	0
4072128	   32	0
4072135	   35	0
4072198	   29	0
4072214	    6	0
4072277	   43	0
4073055	   33	0
4073075	   18	0
4073172	   26	0
4073186	   79	0
4073345	   23	0
4076279	   24	0
4076299	   10	0
4076370	   56	0
4076390	   40	0
4076410	   20	0
4076424	   63	0
4076459	   58	0
4076467	   48	0
4076479	   55	0
4076950	    5	0
4085216	  117	0
4086138	   11	0
4086146	   36	0
4086902	   27	0
4089623	   29	0
4089634	  116	0
4099033	   84	0
4099054	   61	0
4099079	   35	0
4099089	   68	0
4099102	   48	0
4099109	   13	0
4099127	    8	0
4099138	   79	0
4099159	   19	0
4099280	   18	0
4099301	   56	0
4099314	    9	0
4099329	   46	0
4099380	   77	0
4099386	   35	0
4099394	    5	0
4099420	   34	0
4099450	   45	0
4099463	    2	0
4099492	   31	0
4099505	   26	0
4099521	   25	0
4099529	    8	0
4099539	   31	0
4099551	   18	0
4099559	   25	0
4099588	   94	0
4099595	   31	0
4099605	   65	0
4099611	   66	0
4099625	    6	0
4100081	   10	0
4100086	   29	0
4100086	   78	0
4100091	   35	0
4100091	   72	0
4100091	   79	0
4100091	   85	0
4100091	   88	0
4100091	   90	0
4100092	    5	0
4100116	   10	0
4100116	   11	0
4100116	   12	0
4100116	   13	0
4100116	   14	0
4100116	   15	0
4100117	   90	0
4100117	  118	0
4100117	  143	0
4100117	  149	0
4100147	   17	0
4100147	   55	0
4100147	   59	0
4100147	   61	0
4100147	   63	0
4100147	   65	0
4100147	   66	0
4100147	   67	0
4100147	   68	0
4100147	   69	0
4100177	   32	0
4100177	  106	0
4100177	  117	0
4100177	  123	0
4100177	  126	0
4100177	  128	0
4100177	  130	0
4100177	  131	0
4100177	  133	0
4100177	  135	0
4100202	   56	0
4100202	  147	0
4100202	  166	0
4100202	  173	0
4100202	  178	0
4100202	  182	0
4100202	  184	0
4100202	  188	0
4100204	   62	0
4100204	   63	0
4100225	   46	0
4100225	   82	0
4100225	   86	0
4100225	   88	0
4100225	   89	0
4100225	   90	0
4100225	   91	0
4100225	   92	0
4100225	   93	0
4100225	   94	0
4100252	   53	0
4100252	  163	0
4100252	  180	0
4100252	  186	0
4100252	  187	0
4100252	  188	0
4100252	  189	0
4100252	  190	0
4100252	  191	0
4100252	  192	0
4100299	   34	0
4100299	   66	0
4100299	   77	0
4100299	   87	0
4100299	   94	0
4100299	  102	0
4100299	  109	0
4100299	  116	0
4100299	  125	0
4100299	  130	0
4100326	   79	0
4100326	   80	0
4100326	   81	0
4100326	   82	0
4100326	   83	0
4100326	   84	0
4100326	   85	0
4100326	   86	0
4100326	   87	0
4100326	   88	0
4100349	   72	0
4100349	  110	0
4100349	  115	0
4100349	  122	0
4100349	  125	0
4100349	  128	0
4100349	  131	0
4100349	  133	0
4100349	  135	0
4100349	  137	0
4100368	   47	0
4100368	   83	0
4100368	   88	0
4100368	   92	0
4100368	   95	0
4100368	   96	0
4100368	   97	0
4100368	   98	0
4100368	   99	0
4100425	   33	0
4100460	   32	0
4100460	   69	0
4100460	   74	0
4100460	   78	0
4100460	   81	0
4100460	   84	0
4100460	   87	0
4100460	   89	0
4100460	   91	0
4100460	   93	0
4100460	   94	0
4100475	  148	0
4100475	  149	0
4100475	  150	0
4100475	  151	0
4100475	  152	0
4100475	  153	0
4100475	  154	0
4100475	  155	0
4100475	  156	0
4100477	  114	0
4100478	  145	0
4100479	   25	0
4105055	   94	0
4113082	    3	0
4113084	  101	0
4113110	   29	0
4113124	   31	0
4114747	   32	0
4149721	   63	0
4149721	   64	0
4224530	    5	0
4224551	    5	0
4227876	   93	0
4242270	   38	0
4242273	  109	0
4242273	  110	0
4246102	   10	0
4265571	  127	0
4265584	   56	0
4265590	   26	0
4272865	  128	0
4275062	   34	0
4280564	   39	0
4299755	    6	0
4309098	   39	0
4312809	   81	0
4321911	  104	0
4331155	  120	0
4338495	   16	0
4349643	   80	0
4368354	   57	0
4371188	  109	0
4408852	   99	0
4414002	   91	0
4414032	   12	0
4426280	   43	0
4426290	   18	0
4432119	    4	0
4438382	   41	0
4442010	   25	0
4446844	   35	0
4452235	   18	0
4488907	   43	0
4488946	   19	0
4488977	   15	0
4488991	   19	0
4489014	   59	0
4489101	   10	0
4489142	   31	0
4491148	   34	0
4491150	   42	0
4495284	  100	0
4508022	   22	0
4508022	   26	0
4514493	   65	0
4521403	   95	0
4521414	   56	0
4521414	   86	0
4521414	   94	0
4521414	   98	0
4521414	  102	0
4521414	  106	0
4521414	  108	0
4521414	  110	0
4521421	   45	0
4521438	   67	0
4521439	   25	0
4521439	   82	0
4521439	   93	0
4521439	   99	0
4521439	  105	0
4521439	  111	0
4521440	   88	0
4521451	  108	0
4526027	   24	0
4526055	   80	0
4538193	   60	0
4585507	    8	0
4600394	   92	0
4600402	  167	0
4600405	   74	0
4600415	  135	0
4600420	   83	0
4600425	   12	0
4600430	  158	0
4601689	   76	0
4601691	   37	0
4602087	   89	0
4603324	  105	0
4603331	   41	0
4603335	   68	0
4603338	   21	0
4603346	   24	0
4603351	    9	0
4613795	   30	0
4613799	   58	0
4613803	   24	0
4614050	   18	0
4620214	   25	0
4620229	   44	0
4620231	   57	0
4620240	  162	0
4620245	   80	0
4620248	   52	0
4620262	  108	0
4620288	   17	0
4620291	   45	0
4620295	   28	0
4620297	  149	0
4620299	  111	0
4620302	   35	0
4620321	   33	0
4620773	   72	0
4620909	   26	0
4634970	   31	0
4645900	    0	0
4645939	  131	0
4648751	   30	0
4652326	   48	0
4652788	  117	0
4655211	  105	0
4655314	   70	0
4657983	  100	0
4657985	   90	0
4657991	  107	0
4657995	   72	0
4657998	   78	0
4658012	   96	0
4658014	   86	0
4658020	   15	0
4658734	   24	0
4708747	   32	0
4715011	   60	0
4728208	   94	0
4728217	   95	0
4728265	   39	0
4748216	  113	0
4749196	   84	0
4749394	  162	0
4761246	  116	0
4761302	  126	0
4773636	   91	0
4773669	  153	0
4799246	  248	0
4816800	  156	0
4816897	  216	0
4818703	   87	0
4822988	  272	0
4823029	  194	0
4842914	  137	0
4850396	    9	0
4860529	   51	0
4866063	  115	0
4866950	   85	0
4866950	  117	0
4866951	  168	0
4868632	  156	0
4868946	  113	0
4870449	  120	0
4870449	  121	0
4873307	  187	0
4876074	  129	0
4880386	  203	0
4935511	  147	0
4994537	  176	0

