blockNum|date|nBlocks|nTrans|nTraces|nTransfers|nApproves|nTransferFroms|nTTransfers|nTApproves|nTTransferFroms
46147|2015-08-07 03:30:33 UTC|1|1|0|0|0|0|0|0|0          
55870|2015-08-09 00:00:09 UTC|2886|4932|18337|0|0|0|0|0|0          
93129|2015-08-16 00:00:00 UTC|11562|23597|22379|0|0|0|0|0|0          
128134|2015-08-23 00:00:41 UTC|19919|44090|23896|1|0|0|0|0|0          
162126|2015-08-30 00:03:20 UTC|28856|75844|26332|1|0|0|0|0|0          
190657|2015-09-06 00:00:20 UTC|38536|111898|27218|1|0|0|0|0|0          
225597|2015-09-13 00:00:07 UTC|50460|151742|27856|1|0|0|0|0|0          
259996|2015-09-20 00:01:13 UTC|63495|191959|29127|27|0|0|0|0|0          
295665|2015-09-27 00:00:16 UTC|78135|236858|29650|28|0|0|0|0|0          
330003|2015-10-04 00:00:41 UTC|91722|278961|30590|28|0|0|0|0|0          
364661|2015-10-11 00:00:21 UTC|106961|325647|32565|29|0|0|0|0|0          
399789|2015-10-18 00:00:37 UTC|123388|371768|34135|29|0|0|0|0|0          
434958|2015-10-25 00:00:09 UTC|139811|416160|39309|29|0|0|0|0|0          
470668|2015-11-01 00:00:08 UTC|157493|465393|43214|33|0|0|7|0|0          
506227|2015-11-08 00:00:29 UTC|175220|519679|65152|89|0|0|12|0|0          
541678|2015-11-15 00:00:42 UTC|195082|582790|123818|268|0|0|14|0|0          
576883|2015-11-22 00:00:05 UTC|212076|633959|131727|280|0|0|26|0|0          
612084|2015-11-29 00:00:27 UTC|229390|684287|132513|299|0|0|30|0|0          
647335|2015-12-06 00:00:03 UTC|246451|734074|133164|324|0|0|39|0|0          
682620|2015-12-13 00:00:02 UTC|264763|787770|134986|355|0|0|42|0|0          
718069|2015-12-20 00:00:12 UTC|287361|870107|172610|364|0|0|42|0|0          
753335|2015-12-27 00:00:23 UTC|309641|969559|253023|371|0|0|48|0|0          
788463|2016-01-03 00:00:06 UTC|331186|1064614|404001|376|0|0|48|0|0          
824165|2016-01-10 00:00:05 UTC|353970|1161637|524614|388|0|0|49|0|0          
859517|2016-01-17 00:00:12 UTC|375051|1242571|592200|402|0|0|50|0|0          
894533|2016-01-24 00:01:18 UTC|395847|1324872|640695|421|0|0|54|0|0          
929774|2016-01-31 00:00:06 UTC|420290|1437869|782512|439|0|0|59|0|0          
964910|2016-02-07 00:00:15 UTC|443907|1555838|909491|654|0|0|61|0|0          
1000229|2016-02-14 00:00:39 UTC|469338|1676357|960781|718|0|0|68|0|0          
1035159|2016-02-21 00:00:00 UTC|495154|1799771|1018081|827|1|0|75|0|0          
1070490|2016-02-28 00:00:16 UTC|522751|1932657|1063632|996|1|0|103|0|0          
1105623|2016-03-06 00:00:11 UTC|550940|2093652|1096170|1282|1|0|159|0|0          
1140846|2016-03-13 00:00:52 UTC|578708|2269090|1132530|1518|4|15|183|0|0          
1181270|2016-03-20 00:00:00 UTC|610003|2482726|1201930|1639|10|15|185|0|0          
1223598|2016-03-27 00:00:35 UTC|642565|2722721|1408041|1757|12|16|197|0|1          
1265738|2016-04-03 00:01:18 UTC|674743|2951924|1560492|1840|15|17|201|1|4          
1307884|2016-04-10 00:00:19 UTC|705917|3185503|1756529|2103|15|17|205|2|42          
1350015|2016-04-17 00:00:21 UTC|737261|3419014|1876057|2203|15|17|213|2|75          
1392176|2016-04-24 00:00:02 UTC|769068|3658994|1945292|2291|15|17|216|2|80          
1434393|2016-05-01 00:00:18 UTC|802235|3912362|2051115|3047|385|26|261|2|152          
1476496|2016-05-08 00:00:06 UTC|836843|4184827|2208823|4079|765|31|485|2|369          
1518638|2016-05-15 00:00:05 UTC|872343|4483424|2348603|5024|2211|31|579|2|437          
1560777|2016-05-22 00:00:21 UTC|907902|4783601|2463256|7413|2838|31|608|2|467          
1602996|2016-05-29 00:01:00 UTC|944158|5126001|2524212|13830|10757|5467|1754|2|506          
1645096|2016-06-05 00:00:47 UTC|978974|5418772|2553131|21717|12467|7632|4688|3|535          
1687356|2016-06-12 00:00:03 UTC|1013640|5699271|2616072|27837|13170|9153|6748|3|590          
1729302|2016-06-19 00:00:39 UTC|1047107|6054464|2803647|38481|14187|11984|12704|3|625          
1771652|2016-06-26 00:00:24 UTC|1075004|6372502|2907389|46070|15712|13947|15109|3|644          
1813929|2016-07-03 00:00:37 UTC|1110370|6690035|2929442|49339|16348|15364|16139|3|674          
1856236|2016-07-10 00:00:10 UTC|1144972|6970247|2975442|52156|16520|16216|17138|4|728          
1898473|2016-07-17 00:00:13 UTC|1178116|7246755|3020537|54558|17200|17574|19424|17|1272          
1940731|2016-07-24 00:00:04 UTC|1210370|7552984|3078010|58048|22184|19849|20374|76|5672          
1982723|2016-07-31 00:00:00 UTC|1244419|7918838|3327163|62053|25549|20429|26321|114|8876          
2024826|2016-08-07 00:00:24 UTC|1276706|8243558|3443441|65378|26683|20691|26921|119|10143          
2067260|2016-08-14 00:00:04 UTC|1307584|8556479|3663182|73128|27443|20874|28637|131|11154          
2109616|2016-08-21 00:00:15 UTC|1336801|8865247|3778956|83174|28903|20963|28939|136|12690          
2152022|2016-08-28 00:00:08 UTC|1365536|9192361|3895294|105451|29698|21136|29380|204|13518          
2194196|2016-09-04 00:00:00 UTC|1395219|9520995|4015042|118899|30250|21319|29807|233|14326          
2236496|2016-09-11 00:00:26 UTC|1424852|9862369|4118837|148179|30941|21402|30166|276|15076          
2278886|2016-09-18 00:00:08 UTC|1456312|10204313|4224542|177051|31801|21630|30917|292|16078          
2320970|2016-09-25 00:00:06 UTC|1483705|10512654|6639855|190590|33656|21839|31522|305|18238          
2363154|2016-10-02 00:00:04 UTC|1506995|10813789|58274096|207204|34494|21996|31858|310|18869          
2405360|2016-10-09 00:00:32 UTC|1528032|11129177|58274096|234449|35655|22383|31858|310|18869          
2447629|2016-10-16 00:00:11 UTC|1548188|11397041|58274096|237216|35980|22502|31858|310|18869          
2489972|2016-10-23 00:00:23 UTC|1573257|11699532|58361506|244201|38734|22613|32197|311|22986          
2531783|2016-10-30 00:00:02 UTC|1596916|12006095|58456466|282273|39159|22727|33752|321|26244          
2573575|2016-11-06 00:00:00 UTC|1618185|12295713|58540767|305592|39589|22822|34891|323|27228          
2616072|2016-11-13 00:00:16 UTC|1641083|12576260|58652614|322897|40153|22917|35527|325|27934          
2658699|2016-11-20 00:00:27 UTC|1663647|12874622|58757360|350997|40643|22987|36867|330|28717          
2700674|2016-11-27 00:00:47 UTC|1684797|13213128|66526149|369533|40863|23249|37656|331|29169          
2743001|2016-12-04 00:00:16 UTC|1707547|13512267|78497715|399437|41156|23710|38290|332|29688          
2785400|2016-12-11 00:00:02 UTC|1730528|13805083|78597297|429156|41683|24407|39306|334|30480          
2827839|2016-12-18 00:00:00 UTC|1756737|14104436|78672413|467766|42393|24815|40121|335|31302          
2870022|2016-12-25 00:00:02 UTC|1783016|14419041|78750669|512325|42863|25428|41180|340|32210          
2912409|2017-01-01 00:00:31 UTC|1808259|14708284|78817197|551330|43086|25938|41746|343|32605          
2954960|2017-01-08 00:00:21 UTC|1834689|15020251|78918533|583059|43396|26937|42707|345|33120          
2997422|2017-01-15 00:00:19 UTC|1860739|15346067|79005352|627984|43846|27297|43570|349|33741          
3039793|2017-01-22 00:00:07 UTC|1887185|15657567|79094563|662388|44528|27743|44692|350|34618          
3082082|2017-01-29 00:00:04 UTC|1913211|15986468|79192922|704821|45540|28094|46801|350|36069          
3124278|2017-02-05 00:00:26 UTC|1937916|16294429|79291670|734673|46325|28482|49432|358|37512          
3166577|2017-02-12 00:00:17 UTC|1963729|16637900|79431179|774770|46915|29006|50831|370|38567          
3208881|2017-02-19 00:00:06 UTC|1990125|17001296|79570082|807218|47511|29540|53368|373|39554          
3251004|2017-02-26 00:00:01 UTC|2014790|17363410|79680994|843782|47905|30156|57267|374|40643          
3293198|2017-03-05 00:00:10 UTC|2041665|17781715|79791050|867439|48469|30760|58715|382|42176          
3335125|2017-03-12 00:00:09 UTC|2067921|18207984|79890885|898352|49242|31500|59727|383|43080          
3377058|2017-03-19 00:00:44 UTC|2096238|18821258|80040876|936973|50480|32573|62065|398|44618          
3418828|2017-03-26 00:00:02 UTC|2123897|19403833|80181824|989501|51568|33570|64308|429|46550          
3460457|2017-04-02 00:00:45 UTC|2151897|20035225|80334527|1066199|52656|35439|67164|439|47926          
3501960|2017-04-09 00:00:01 UTC|2179986|20658238|80498085|1115916|53659|36349|69128|473|48885          
3542571|2017-04-16 00:00:43 UTC|2209146|21204651|80651729|1160593|54482|39431|70495|501|49926          
3583359|2017-04-23 00:00:05 UTC|2238471|21757083|80850815|1206592|55235|40618|77085|506|50968          
3623443|2017-04-30 00:00:05 UTC|2268264|22399470|81076823|1277488|55978|44849|84661|532|51948          
3662985|2017-05-07 00:00:05 UTC|2299034|23132878|81341242|1361289|57060|47048|98344|541|53273          
3702644|2017-05-14 00:00:04 UTC|2330803|23905382|81681755|1418999|58269|48960|107910|564|58530          
3740604|2017-05-21 00:00:05 UTC|2362660|24815986|82245518|1485310|59523|50297|118697|570|61471          
3778751|2017-05-28 00:00:03 UTC|2396364|26018574|82941954|1565747|61739|52093|130013|576|65414          
3816345|2017-06-04 00:00:07 UTC|2430643|27309828|83762607|1652939|67583|53261|140426|593|67165          
3852956|2017-06-11 00:00:07 UTC|2463298|28704896|84515577|1771845|70641|54521|156570|610|71163          
3889924|2017-06-18 00:00:09 UTC|2497327|30520383|85398940|1893052|73308|56130|178263|644|74397          
3925243|2017-06-25 00:00:17 UTC|2530754|32393132|86293385|2012996|78625|57099|206491|2413|85512          
3960168|2017-07-02 00:00:38 UTC|2565039|34225188|87229591|2158035|83769|59061|242519|4863|91429          
3995534|2017-07-09 00:00:03 UTC|2599712|36131342|88161119|2372841|90907|61417|278508|5404|100630          
4027868|2017-07-16 00:00:24 UTC|2631695|37976735|89094151|2594209|100946|63761|311935|5837|111098          
4059914|2017-07-23 00:00:14 UTC|2663391|39703721|90007026|2780997|110928|65910|351317|6430|128191          
4092456|2017-07-30 00:00:06 UTC|2695552|41363890|90749211|2980989|119063|67914|380628|6954|136812          
4121876|2017-08-06 00:00:33 UTC|2724668|43025255|91721111|3162897|126368|70587|412463|7336|147242          
4150455|2017-08-13 00:00:00 UTC|2753126|45204173|93033384|3488478|140170|75649|477994|8252|163425          
4179506|2017-08-20 00:00:08 UTC|2782087|48023142|95081454|3855824|166602|82067|576885|11755|229130          
4207533|2017-08-27 00:00:27 UTC|2809930|50476517|96456816|4279962|184939|88057|640809|14059|251586          
4232100|2017-09-03 00:00:45 UTC|2834450|53066698|97943314|4719646|205192|94081|714027|15143|278886          
4256935|2017-09-10 00:00:24 UTC|2859242|56048398|99494529|5383495|226373|100049|797274|15870|302936          
4282023|2017-09-17 00:00:05 UTC|2884287|58705275|101084588|5836636|245157|106125|1003138|17966|325520          
4305968|2017-09-24 00:00:17 UTC|2908162|60868916|102840124|6202083|266134|111144|1424039|21743|358585          
4326061|2017-10-01 00:00:25 UTC|2928218|63023078|104025668|6615188|291486|117978|1507318|23637|409508          
4346155|2017-10-08 00:00:06 UTC|2948256|65174214|105228418|6955153|322197|125450|1575370|24797|460527          
4366423|2017-10-15 00:00:47 UTC|2968469|67567725|106472474|7358372|359518|136668|1691346|25502|508487          
4404880|2017-10-22 00:00:02 UTC|3006564|70784780|108028157|8007127|397813|146756|1796576|26531|552212          
